658.909 66.364
713.455 66.364
768.000 66.364
822.545 66.364
877.091 66.364
495.273 120.909
549.818 120.909
604.364 120.909
658.909 120.909
713.455 120.909
768.000 120.909
822.545 120.909
877.091 120.909
931.636 120.909
986.182 120.909
1040.727 120.909
386.182 175.455
440.727 175.455
495.273 175.455
549.818 175.455
604.364 175.455
658.909 175.455
713.455 175.455
768.000 175.455
822.545 175.455
877.091 175.455
931.636 175.455
986.182 175.455
1040.727 175.455
1095.273 175.455
1149.818 175.455
277.091 230.000
331.636 230.000
386.182 230.000
440.727 230.000
495.273 230.000
549.818 230.000
604.364 230.000
658.909 230.000
713.455 230.000
768.000 230.000
822.545 230.000
877.091 230.000
931.636 230.000
986.182 230.000
1040.727 230.000
1095.273 230.000
1149.818 230.000
1204.364 230.000
1258.909 230.000
222.545 284.545
277.091 284.545
331.636 284.545
386.182 284.545
440.727 284.545
495.273 284.545
549.818 284.545
604.364 284.545
658.909 284.545
713.455 284.545
768.000 284.545
822.545 284.545
877.091 284.545
931.636 284.545
986.182 284.545
1040.727 284.545
1095.273 284.545
1149.818 284.545
1204.364 284.545
1258.909 284.545
1313.455 284.545
168.000 339.091
222.545 339.091
277.091 339.091
331.636 339.091
386.182 339.091
440.727 339.091
495.273 339.091
549.818 339.091
604.364 339.091
658.909 339.091
713.455 339.091
768.000 339.091
822.545 339.091
877.091 339.091
931.636 339.091
986.182 339.091
1040.727 339.091
1095.273 339.091
1149.818 339.091
1204.364 339.091
1258.909 339.091
1313.455 339.091
1368.000 339.091
168.000 393.636
222.545 393.636
277.091 393.636
331.636 393.636
386.182 393.636
440.727 393.636
495.273 393.636
549.818 393.636
604.364 393.636
658.909 393.636
713.455 393.636
768.000 393.636
822.545 393.636
877.091 393.636
931.636 393.636
986.182 393.636
1040.727 393.636
1095.273 393.636
1149.818 393.636
1204.364 393.636
1258.909 393.636
1313.455 393.636
1368.000 393.636
113.455 448.182
168.000 448.182
222.545 448.182
277.091 448.182
331.636 448.182
386.182 448.182
440.727 448.182
495.273 448.182
549.818 448.182
604.364 448.182
658.909 448.182
713.455 448.182
768.000 448.182
822.545 448.182
877.091 448.182
931.636 448.182
986.182 448.182
1040.727 448.182
1095.273 448.182
1149.818 448.182
1204.364 448.182
1258.909 448.182
1313.455 448.182
1368.000 448.182
1422.545 448.182
113.455 502.727
168.000 502.727
222.545 502.727
277.091 502.727
331.636 502.727
386.182 502.727
440.727 502.727
495.273 502.727
549.818 502.727
604.364 502.727
658.909 502.727
713.455 502.727
768.000 502.727
822.545 502.727
877.091 502.727
931.636 502.727
986.182 502.727
1040.727 502.727
1095.273 502.727
1149.818 502.727
1204.364 502.727
1258.909 502.727
1313.455 502.727
1368.000 502.727
1422.545 502.727
58.909 557.273
113.455 557.273
168.000 557.273
222.545 557.273
277.091 557.273
331.636 557.273
386.182 557.273
440.727 557.273
495.273 557.273
549.818 557.273
604.364 557.273
658.909 557.273
713.455 557.273
768.000 557.273
822.545 557.273
877.091 557.273
931.636 557.273
986.182 557.273
1040.727 557.273
1095.273 557.273
1149.818 557.273
1204.364 557.273
1258.909 557.273
1313.455 557.273
1368.000 557.273
1422.545 557.273
1477.091 557.273
58.909 611.818
113.455 611.818
168.000 611.818
222.545 611.818
277.091 611.818
331.636 611.818
386.182 611.818
440.727 611.818
495.273 611.818
549.818 611.818
604.364 611.818
658.909 611.818
713.455 611.818
768.000 611.818
822.545 611.818
877.091 611.818
931.636 611.818
986.182 611.818
1040.727 611.818
1095.273 611.818
1149.818 611.818
1204.364 611.818
1258.909 611.818
1313.455 611.818
1368.000 611.818
1422.545 611.818
1477.091 611.818
58.909 666.364
113.455 666.364
168.000 666.364
222.545 666.364
277.091 666.364
331.636 666.364
386.182 666.364
440.727 666.364
495.273 666.364
549.818 666.364
604.364 666.364
658.909 666.364
713.455 666.364
768.000 666.364
822.545 666.364
877.091 666.364
931.636 666.364
986.182 666.364
1040.727 666.364
1095.273 666.364
1149.818 666.364
1204.364 666.364
1258.909 666.364
1313.455 666.364
1368.000 666.364
1422.545 666.364
1477.091 666.364
4.364 720.909
58.909 720.909
113.455 720.909
168.000 720.909
222.545 720.909
277.091 720.909
331.636 720.909
386.182 720.909
440.727 720.909
495.273 720.909
549.818 720.909
604.364 720.909
658.909 720.909
713.455 720.909
768.000 720.909
822.545 720.909
877.091 720.909
931.636 720.909
986.182 720.909
1040.727 720.909
1095.273 720.909
1149.818 720.909
1204.364 720.909
1258.909 720.909
1313.455 720.909
1368.000 720.909
1422.545 720.909
1477.091 720.909
1531.636 720.909
4.364 775.455
58.909 775.455
113.455 775.455
168.000 775.455
222.545 775.455
277.091 775.455
331.636 775.455
386.182 775.455
440.727 775.455
495.273 775.455
549.818 775.455
604.364 775.455
658.909 775.455
713.455 775.455
768.000 775.455
822.545 775.455
877.091 775.455
931.636 775.455
986.182 775.455
1040.727 775.455
1095.273 775.455
1149.818 775.455
1204.364 775.455
1258.909 775.455
1313.455 775.455
1368.000 775.455
1422.545 775.455
1477.091 775.455
1531.636 775.455
4.364 830.000
58.909 830.000
113.455 830.000
168.000 830.000
222.545 830.000
277.091 830.000
331.636 830.000
386.182 830.000
440.727 830.000
495.273 830.000
549.818 830.000
604.364 830.000
658.909 830.000
713.455 830.000
768.000 830.000
822.545 830.000
877.091 830.000
931.636 830.000
986.182 830.000
1040.727 830.000
1095.273 830.000
1149.818 830.000
1204.364 830.000
1258.909 830.000
1313.455 830.000
1368.000 830.000
1422.545 830.000
1477.091 830.000
1531.636 830.000
4.364 884.545
58.909 884.545
113.455 884.545
168.000 884.545
222.545 884.545
277.091 884.545
331.636 884.545
386.182 884.545
440.727 884.545
495.273 884.545
549.818 884.545
604.364 884.545
658.909 884.545
713.455 884.545
768.000 884.545
822.545 884.545
877.091 884.545
931.636 884.545
986.182 884.545
1040.727 884.545
1095.273 884.545
1149.818 884.545
1204.364 884.545
1258.909 884.545
1313.455 884.545
1368.000 884.545
1422.545 884.545
1477.091 884.545
1531.636 884.545
4.364 939.091
58.909 939.091
113.455 939.091
168.000 939.091
222.545 939.091
277.091 939.091
331.636 939.091
386.182 939.091
440.727 939.091
495.273 939.091
549.818 939.091
604.364 939.091
658.909 939.091
713.455 939.091
768.000 939.091
822.545 939.091
877.091 939.091
931.636 939.091
986.182 939.091
1040.727 939.091
1095.273 939.091
1149.818 939.091
1204.364 939.091
1258.909 939.091
1313.455 939.091
1368.000 939.091
1422.545 939.091
1477.091 939.091
1531.636 939.091
58.909 993.636
113.455 993.636
168.000 993.636
222.545 993.636
277.091 993.636
331.636 993.636
386.182 993.636
440.727 993.636
495.273 993.636
549.818 993.636
604.364 993.636
658.909 993.636
713.455 993.636
768.000 993.636
822.545 993.636
877.091 993.636
931.636 993.636
986.182 993.636
1040.727 993.636
1095.273 993.636
1149.818 993.636
1204.364 993.636
1258.909 993.636
1313.455 993.636
1368.000 993.636
1422.545 993.636
1477.091 993.636
58.909 1048.182
113.455 1048.182
168.000 1048.182
222.545 1048.182
277.091 1048.182
331.636 1048.182
386.182 1048.182
440.727 1048.182
495.273 1048.182
549.818 1048.182
604.364 1048.182
658.909 1048.182
713.455 1048.182
768.000 1048.182
822.545 1048.182
877.091 1048.182
931.636 1048.182
986.182 1048.182
1040.727 1048.182
1095.273 1048.182
1149.818 1048.182
1204.364 1048.182
1258.909 1048.182
1313.455 1048.182
1368.000 1048.182
1422.545 1048.182
1477.091 1048.182
58.909 1102.727
113.455 1102.727
168.000 1102.727
222.545 1102.727
277.091 1102.727
331.636 1102.727
386.182 1102.727
440.727 1102.727
495.273 1102.727
549.818 1102.727
604.364 1102.727
658.909 1102.727
713.455 1102.727
768.000 1102.727
822.545 1102.727
877.091 1102.727
931.636 1102.727
986.182 1102.727
1040.727 1102.727
1095.273 1102.727
1149.818 1102.727
1204.364 1102.727
1258.909 1102.727
1313.455 1102.727
1368.000 1102.727
1422.545 1102.727
1477.091 1102.727
113.455 1157.273
168.000 1157.273
222.545 1157.273
277.091 1157.273
331.636 1157.273
386.182 1157.273
440.727 1157.273
495.273 1157.273
549.818 1157.273
604.364 1157.273
658.909 1157.273
713.455 1157.273
768.000 1157.273
822.545 1157.273
877.091 1157.273
931.636 1157.273
986.182 1157.273
1040.727 1157.273
1095.273 1157.273
1149.818 1157.273
1204.364 1157.273
1258.909 1157.273
1313.455 1157.273
1368.000 1157.273
1422.545 1157.273
113.455 1211.818
168.000 1211.818
222.545 1211.818
277.091 1211.818
331.636 1211.818
386.182 1211.818
440.727 1211.818
495.273 1211.818
549.818 1211.818
604.364 1211.818
658.909 1211.818
713.455 1211.818
768.000 1211.818
822.545 1211.818
877.091 1211.818
931.636 1211.818
986.182 1211.818
1040.727 1211.818
1095.273 1211.818
1149.818 1211.818
1204.364 1211.818
1258.909 1211.818
1313.455 1211.818
1368.000 1211.818
1422.545 1211.818
168.000 1266.364
222.545 1266.364
277.091 1266.364
331.636 1266.364
386.182 1266.364
440.727 1266.364
495.273 1266.364
549.818 1266.364
604.364 1266.364
658.909 1266.364
713.455 1266.364
768.000 1266.364
822.545 1266.364
877.091 1266.364
931.636 1266.364
986.182 1266.364
1040.727 1266.364
1095.273 1266.364
1149.818 1266.364
1204.364 1266.364
1258.909 1266.364
1313.455 1266.364
1368.000 1266.364
168.000 1320.909
222.545 1320.909
277.091 1320.909
331.636 1320.909
386.182 1320.909
440.727 1320.909
495.273 1320.909
549.818 1320.909
604.364 1320.909
658.909 1320.909
713.455 1320.909
768.000 1320.909
822.545 1320.909
877.091 1320.909
931.636 1320.909
986.182 1320.909
1040.727 1320.909
1095.273 1320.909
1149.818 1320.909
1204.364 1320.909
1258.909 1320.909
1313.455 1320.909
1368.000 1320.909
222.545 1375.455
277.091 1375.455
331.636 1375.455
386.182 1375.455
440.727 1375.455
495.273 1375.455
549.818 1375.455
604.364 1375.455
658.909 1375.455
713.455 1375.455
768.000 1375.455
822.545 1375.455
877.091 1375.455
931.636 1375.455
986.182 1375.455
1040.727 1375.455
1095.273 1375.455
1149.818 1375.455
1204.364 1375.455
1258.909 1375.455
1313.455 1375.455
277.091 1430.000
331.636 1430.000
386.182 1430.000
440.727 1430.000
495.273 1430.000
549.818 1430.000
604.364 1430.000
658.909 1430.000
713.455 1430.000
768.000 1430.000
822.545 1430.000
877.091 1430.000
931.636 1430.000
986.182 1430.000
1040.727 1430.000
1095.273 1430.000
1149.818 1430.000
1204.364 1430.000
1258.909 1430.000
386.182 1484.545
440.727 1484.545
495.273 1484.545
549.818 1484.545
604.364 1484.545
658.909 1484.545
713.455 1484.545
768.000 1484.545
822.545 1484.545
877.091 1484.545
931.636 1484.545
986.182 1484.545
1040.727 1484.545
1095.273 1484.545
1149.818 1484.545
495.273 1539.091
549.818 1539.091
604.364 1539.091
658.909 1539.091
713.455 1539.091
768.000 1539.091
822.545 1539.091
877.091 1539.091
931.636 1539.091
986.182 1539.091
1040.727 1539.091
658.909 1593.636
713.455 1593.636
768.000 1593.636
822.545 1593.636
877.091 1593.636
