458.97 131.98
486.72 131.98
514.00 131.98
541.55 131.97
568.86 131.93
376.77 159.67
404.01 159.66
431.73 159.64
458.97 159.66
486.79 159.64
513.99 159.63
541.59 159.59
568.85 159.59
596.63 159.55
623.88 159.60
651.16 159.58
321.82 186.87
349.52 186.85
376.76 186.86
404.49 186.86
431.73 186.84
459.00 186.80
486.77 186.85
513.99 186.81
541.60 186.77
568.87 186.77
596.64 186.78
623.90 186.77
651.14 186.77
678.93 186.78
706.21 186.74
266.88 214.59
294.62 214.56
321.86 214.57
349.51 214.57
376.73 214.03
404.52 214.04
431.74 214.05
458.97 214.04
486.73 214.04
513.98 214.03
541.62 214.05
568.88 214.00
596.64 213.99
623.92 213.96
651.16 213.97
678.91 213.94
706.18 213.93
733.41 213.92
761.12 213.89
239.57 241.79
266.88 241.77
294.62 241.80
321.85 241.76
349.51 241.75
376.79 241.73
404.53 241.74
431.74 241.75
459.00 241.75
486.79 241.71
513.98 241.70
541.60 241.69
568.91 241.66
596.63 241.66
623.88 241.65
651.14 241.67
678.92 241.62
706.21 241.63
733.38 241.61
761.16 241.60
788.36 241.61
211.88 269.02
239.61 269.00
266.92 268.98
294.66 269.00
321.86 268.96
349.56 269.00
376.80 268.95
404.52 268.98
431.75 268.98
459.51 268.92
486.77 268.94
514.50 268.96
541.62 268.97
568.89 268.95
596.66 268.92
623.91 268.91
651.17 268.92
678.92 268.88
706.19 268.86
733.37 268.85
761.14 268.88
788.38 268.82
816.06 268.80
211.87 296.75
239.62 296.75
266.87 296.71
294.66 296.69
321.86 296.69
349.55 296.64
376.81 296.64
404.57 296.67
431.75 296.64
459.53 296.62
486.78 296.60
514.54 296.60
541.58 296.58
568.88 296.58
596.66 296.58
623.90 296.55
651.17 296.56
678.94 296.55
706.20 296.55
733.42 296.55
761.16 296.52
788.35 296.03
816.10 296.03
184.66 324.00
211.81 324.04
239.61 324.03
266.88 324.01
294.61 324.01
321.86 323.97
349.54 323.98
376.79 323.98
404.55 323.99
431.73 323.98
459.04 323.93
486.78 323.93
514.02 323.92
541.62 323.96
568.90 323.95
596.66 323.89
623.89 323.95
651.18 323.91
678.94 323.91
706.18 323.92
733.46 323.84
761.14 323.95
788.37 323.90
816.14 323.87
843.30 323.83
184.68 351.75
211.93 351.78
239.64 351.72
266.90 351.72
294.64 351.68
321.87 351.70
349.51 351.69
376.80 351.66
404.55 351.68
431.76 351.68
458.99 351.68
486.77 351.65
514.59 351.62
541.60 351.14
568.91 351.60
596.68 351.10
623.93 351.08
651.19 351.63
678.93 351.59
706.24 351.59
733.42 351.59
761.15 351.04
788.38 351.51
816.11 351.06
843.36 351.06
156.95 379.64
184.69 379.62
211.89 379.64
239.64 379.62
266.96 379.63
294.67 379.60
321.87 379.60
349.58 379.60
376.83 379.11
404.54 379.08
431.80 379.11
459.53 379.09
486.80 379.09
514.56 379.10
541.64 379.10
568.91 379.09
596.69 379.07
623.94 379.02
651.22 378.95
678.93 378.99
706.24 378.99
733.43 379.00
761.15 378.97
788.41 378.95
816.12 378.96
843.40 378.94
871.10 378.92
156.97 406.92
184.71 406.94
211.93 406.87
239.67 406.90
266.98 406.85
294.68 406.85
321.90 406.82
349.57 406.82
376.84 406.84
404.59 406.82
431.80 406.80
459.57 406.78
486.82 406.77
514.55 406.77
541.65 406.77
568.92 406.74
596.67 406.75
623.95 406.75
651.21 406.76
678.92 406.72
706.28 406.68
733.41 406.70
761.15 406.71
788.40 406.67
816.14 406.66
843.42 406.64
871.12 406.63
156.98 434.56
184.72 434.07
211.89 434.04
239.64 434.04
266.95 434.01
294.65 434.02
321.90 434.02
349.60 434.01
376.83 433.99
404.56 434.01
431.80 433.99
459.53 433.99
486.81 433.95
514.57 433.95
541.67 433.97
568.97 433.96
596.69 433.94
623.96 433.94
651.20 433.91
678.97 433.90
706.29 433.94
733.44 433.88
761.18 433.90
788.37 433.86
816.14 433.85
843.40 433.86
871.10 433.84
129.81 461.75
157.01 461.74
184.71 461.76
211.93 461.73
239.72 461.74
266.95 461.75
294.72 461.76
321.91 461.75
349.60 461.68
376.86 461.66
404.56 461.68
431.81 461.67
459.55 461.67
486.83 461.66
514.60 461.66
541.69 461.62
568.98 461.61
596.71 461.62
623.94 461.64
651.24 461.61
678.98 461.64
706.27 461.62
733.97 461.60
761.20 461.59
788.38 461.54
816.16 461.11
843.44 461.08
871.12 461.07
898.40 461.07
129.83 488.96
157.00 488.97
184.69 488.94
211.96 488.95
239.65 488.93
266.97 488.96
294.70 488.94
321.91 488.92
349.56 488.91
376.86 488.90
404.59 488.87
431.78 488.88
459.56 488.90
486.82 488.89
514.57 488.85
541.66 488.89
568.95 488.84
596.70 488.86
623.97 488.83
651.22 488.79
679.00 488.84
706.27 488.80
733.45 488.81
761.19 488.81
788.42 488.77
816.14 488.77
843.45 488.78
871.12 488.73
898.45 488.74
129.82 516.69
157.51 516.65
184.70 516.66
211.93 516.64
239.69 516.65
266.97 516.66
294.71 516.63
321.90 516.63
349.59 516.62
376.89 516.64
404.62 516.59
431.83 516.64
459.55 516.62
486.86 516.08
514.58 516.57
541.68 516.12
568.98 516.09
596.71 516.05
623.97 516.05
651.24 516.03
679.02 516.02
706.29 516.04
733.98 516.01
761.20 516.01
788.43 516.01
816.17 516.00
843.43 516.01
871.13 515.99
898.44 515.98
129.85 543.86
157.00 543.87
184.73 543.85
211.95 543.83
239.70 543.85
267.02 543.83
294.71 543.82
321.93 543.80
349.64 543.79
376.89 543.74
404.60 543.73
431.81 543.74
459.61 543.76
486.88 543.68
514.62 543.68
541.67 543.66
568.98 543.70
596.75 543.67
624.01 543.68
651.25 543.70
679.04 543.72
706.30 543.72
733.99 543.71
761.21 543.68
788.40 543.67
816.17 543.65
843.41 543.64
871.16 543.66
898.43 543.61
129.85 571.73
157.56 571.72
184.74 571.69
211.96 571.70
239.73 571.72
267.01 571.71
294.73 571.69
321.94 571.65
349.63 571.65
376.86 571.67
404.62 571.67
431.83 571.69
459.60 571.69
486.86 571.67
514.65 571.64
541.72 571.66
568.98 571.62
596.71 571.61
624.03 571.60
651.25 571.58
679.03 571.59
706.31 571.59
733.98 571.57
761.22 571.58
788.42 571.05
816.18 571.05
843.45 571.55
871.19 571.02
898.46 571.02
157.47 598.87
184.74 598.88
211.98 598.86
239.74 598.86
267.01 598.85
294.74 598.82
321.94 598.84
349.62 598.84
376.90 598.81
404.61 598.80
431.84 598.81
459.61 598.75
486.88 598.81
514.63 598.79
541.73 598.75
569.02 598.77
596.74 598.76
624.04 598.77
651.29 598.75
679.07 598.77
706.30 598.76
734.00 598.73
761.23 598.75
788.47 598.74
816.17 598.71
843.46 598.70
871.18 598.70
157.53 626.30
184.84 626.44
211.98 626.34
239.72 626.27
266.99 626.24
294.75 626.25
321.94 626.25
349.66 626.25
376.91 626.27
404.70 626.23
431.84 626.24
459.60 626.26
486.90 626.27
514.61 626.23
541.72 626.23
569.03 626.23
596.75 626.22
624.04 626.17
651.26 626.22
679.08 626.18
706.10 625.93
734.01 626.17
761.23 626.13
788.47 626.09
816.20 626.11
843.95 626.12
871.16 626.12
157.53 653.99
184.83 653.39
211.97 653.38
239.75 653.45
267.03 653.40
294.76 653.41
321.97 653.42
349.69 653.42
376.92 653.44
404.68 653.42
431.88 653.39
459.66 653.41
486.93 653.38
514.66 653.37
541.77 653.35
569.49 653.36
596.78 653.36
624.04 653.36
651.29 653.32
679.11 653.27
706.30 653.28
734.04 653.34
761.27 653.28
789.00 653.29
816.21 653.28
843.98 653.28
871.22 653.30
184.71 681.16
212.02 681.16
239.76 681.14
267.01 681.16
294.77 681.15
321.97 681.11
349.74 681.15
376.92 681.11
404.67 681.11
431.88 681.11
459.65 681.12
486.92 681.07
514.64 681.13
541.79 681.07
569.55 681.09
596.79 681.08
624.07 681.04
651.32 681.07
679.06 681.07
706.30 681.04
734.00 681.04
761.28 681.04
788.98 681.00
816.20 680.97
843.99 680.98
184.76 708.38
212.03 708.38
239.72 708.39
267.49 708.37
294.77 708.38
321.99 708.33
349.68 708.33
376.97 708.35
404.68 708.35
431.87 708.38
459.66 708.33
486.90 708.33
514.64 708.33
541.76 708.30
569.54 708.30
596.78 708.29
624.06 708.30
651.40 708.32
679.08 708.25
706.33 708.28
734.04 708.28
761.23 708.26
788.98 708.23
816.24 708.21
843.99 708.24
212.50 736.10
239.72 736.10
266.99 736.07
294.80 736.08
321.97 736.05
349.70 736.07
376.92 736.00
404.70 736.02
431.89 736.01
459.67 736.02
486.95 736.01
514.69 735.98
541.77 735.96
569.53 735.98
596.79 735.96
624.08 735.49
651.32 735.43
679.07 735.48
706.40 736.00
734.06 735.44
761.28 735.45
789.00 735.43
816.24 735.43
212.04 763.30
239.77 763.31
267.56 763.30
294.78 763.30
322.01 763.28
349.68 763.23
376.97 763.21
404.74 763.26
431.90 763.24
459.69 763.25
486.92 763.24
514.70 763.22
541.74 763.24
569.55 763.23
596.81 763.24
624.08 763.20
651.30 763.24
679.10 763.16
706.37 763.15
734.07 763.16
761.29 763.18
789.01 763.20
816.25 763.17
239.79 790.98
267.52 790.98
294.81 790.96
321.99 790.97
349.74 790.46
376.95 790.93
404.71 790.46
431.91 790.44
459.68 790.44
486.94 790.42
514.70 790.43
541.78 790.40
569.57 790.42
596.82 790.39
624.09 790.40
651.34 790.38
679.13 790.37
706.35 790.42
734.06 790.39
761.26 790.41
789.01 790.35
267.52 818.29
294.80 818.27
322.02 818.27
349.73 818.29
376.97 818.28
404.73 818.27
431.89 818.24
459.69 818.25
486.96 818.28
514.72 818.22
541.80 818.22
569.57 818.24
596.86 818.21
624.11 818.20
651.36 818.21
679.12 818.19
706.37 818.21
734.07 818.21
761.28 818.20
322.53 845.99
349.76 845.98
376.99 846.00
404.72 845.50
431.92 845.98
459.68 845.50
486.97 845.49
514.76 845.46
541.79 845.44
569.62 845.47
596.87 845.44
624.10 845.46
651.35 845.43
679.15 845.45
706.39 845.45
376.98 873.30
404.71 873.28
431.93 873.31
459.70 873.26
486.99 873.29
514.73 873.28
541.79 873.29
569.62 873.26
596.90 873.33
624.07 873.23
651.34 873.21
459.75 901.09
486.99 901.07
514.75 901.03
541.83 901.01
569.60 900.99
