771.74 329.74
825.75 330.52
880.52 330.63
934.96 330.59
989.79 330.66
1044.58 330.63
1098.90 329.83
1153.91 328.64
662.00 384.81
716.84 384.86
771.56 384.86
825.92 384.88
880.54 384.93
934.98 385.04
989.82 385.50
1044.62 384.96
1098.76 385.61
1153.57 384.95
1207.76 385.11
1262.91 385.68
552.74 438.69
607.74 439.56
662.04 439.59
716.84 439.57
771.53 439.62
825.90 439.63
880.60 439.71
935.01 439.79
989.99 440.61
1043.80 439.71
1098.73 439.62
1153.04 439.53
1207.84 439.57
1262.68 438.75
1317.96 438.55
1371.85 438.98
498.63 494.01
553.02 494.01
607.72 493.98
662.03 493.98
716.82 493.95
771.52 493.97
825.86 493.97
880.60 494.05
935.57 493.91
989.81 493.92
1043.78 494.56
1098.68 493.93
1153.05 494.05
1207.69 494.06
1262.51 494.01
1316.91 493.95
1371.80 493.79
1426.62 493.69
443.76 548.96
498.63 548.70
553.03 548.69
607.65 548.74
662.00 548.74
716.81 548.67
771.55 548.74
825.86 548.77
880.59 548.78
934.96 548.80
989.75 548.52
1043.84 548.85
1098.73 548.96
1152.84 548.83
1207.84 548.81
1262.05 548.94
1316.91 548.79
1371.73 548.83
1426.53 548.92
1480.92 548.77
389.07 602.97
444.50 602.70
498.08 603.05
552.90 602.95
607.69 603.02
662.02 603.06
716.81 603.06
771.54 603.09
825.86 603.09
880.60 603.09
934.94 603.54
989.61 603.56
1043.88 603.11
1098.74 602.96
1152.97 603.56
1207.79 603.10
1262.57 603.62
1316.95 603.56
1371.80 603.65
1426.07 603.68
1480.76 603.96
1535.66 604.16
334.78 657.75
389.10 657.77
443.88 657.87
498.71 657.77
552.95 657.84
607.69 657.77
662.01 657.79
716.76 657.77
771.56 657.80
825.82 657.77
880.58 657.82
934.97 657.87
989.62 657.91
1043.87 657.88
1098.63 657.79
1153.06 657.75
1207.99 657.54
1261.96 657.76
1316.76 657.90
1371.64 657.83
1426.60 657.78
1480.92 657.08
1534.94 656.90
1589.91 657.81
334.72 712.58
389.09 712.14
443.88 712.55
498.98 712.62
552.55 712.16
607.56 712.22
662.04 712.16
716.82 712.16
771.12 712.53
825.83 712.53
880.50 712.53
934.91 712.12
989.66 712.60
1043.84 712.62
1098.51 712.55
1153.07 712.53
1207.73 712.21
1262.62 712.10
1316.96 712.61
1371.79 712.61
1425.97 712.73
1480.80 712.69
1535.55 712.61
1589.73 712.78
280.54 766.80
334.73 766.79
389.57 766.82
443.88 766.85
498.84 766.76
552.89 766.82
607.57 766.83
662.01 766.84
716.74 766.81
771.14 766.85
825.85 766.87
880.11 766.89
934.88 766.83
989.63 766.87
1043.84 766.84
1098.57 766.92
1152.94 766.92
1207.73 766.94
1262.53 766.94
1316.90 766.89
1371.61 766.96
1426.01 766.98
1480.94 766.87
1534.98 766.90
1589.62 766.93
1644.62 766.81
280.50 821.56
334.77 821.55
389.56 821.53
443.85 821.54
498.62 821.56
552.92 821.17
607.64 821.53
661.94 821.21
716.77 821.56
771.12 821.55
825.78 821.65
880.10 821.59
934.81 821.55
989.57 821.55
1043.82 821.61
1098.56 821.21
1153.05 821.53
1207.73 821.51
1262.53 821.57
1316.92 821.62
1371.63 821.63
1425.96 821.62
1480.73 821.63
1534.99 821.64
1589.74 821.64
1644.03 821.66
224.74 875.77
279.97 875.79
334.74 875.85
389.65 875.84
443.90 875.83
498.58 875.83
552.91 875.84
606.62 876.01
662.00 875.89
716.75 875.93
771.06 875.91
825.81 876.02
880.05 875.84
934.85 875.97
989.13 875.99
1043.56 876.61
1098.22 875.92
1153.06 876.01
1207.76 876.02
1262.20 876.10
1316.84 876.12
1371.64 876.02
1425.94 876.14
1480.71 876.03
1535.00 876.01
1589.66 875.97
1643.98 875.99
1700.14 875.85
224.99 930.65
280.50 930.59
334.74 930.63
389.56 930.59
443.85 930.65
498.60 930.56
552.93 930.20
607.66 930.17
662.08 930.56
716.69 930.59
771.11 930.56
825.69 930.57
880.08 930.67
934.81 930.61
989.20 930.61
1043.88 930.64
1098.54 930.68
1153.07 930.73
1207.76 930.72
1262.12 930.76
1316.93 930.75
1371.58 930.76
1425.94 930.71
1480.62 930.80
1534.95 930.79
1589.67 930.73
1644.00 930.77
1698.87 930.94
225.59 984.90
279.98 984.87
334.82 984.92
389.54 984.94
443.82 984.96
498.51 984.99
552.84 984.93
607.66 984.95
662.11 985.03
716.73 984.99
771.07 984.99
825.74 985.04
879.84 984.96
934.82 985.01
989.21 985.03
1043.87 985.01
1098.58 985.10
1153.07 985.10
1207.77 985.21
1262.17 985.20
1316.81 985.16
1371.58 985.11
1425.89 985.09
1480.62 985.06
1534.89 985.06
1589.57 985.55
1644.05 985.09
1698.78 985.56
225.70 1039.64
279.97 1039.61
334.83 1039.60
389.05 1039.66
443.82 1039.57
498.50 1039.57
552.87 1039.52
607.59 1039.60
662.06 1039.65
716.76 1039.66
771.11 1039.65
825.73 1039.62
880.01 1039.66
934.77 1039.72
989.20 1039.60
1043.92 1039.64
1098.61 1039.71
1153.08 1039.74
1207.87 1039.57
1262.14 1039.67
1316.84 1039.82
1371.10 1039.82
1425.88 1039.77
1480.60 1039.82
1534.95 1039.81
1589.66 1039.90
1643.96 1039.90
1698.74 1039.79
225.68 1093.96
279.99 1093.99
334.69 1094.00
389.51 1093.95
443.79 1093.97
498.56 1093.95
552.94 1093.96
607.68 1093.97
662.05 1094.00
716.68 1094.02
771.08 1094.05
825.78 1094.08
880.06 1094.16
934.75 1094.12
989.23 1094.11
1043.95 1094.19
1098.64 1094.16
1153.00 1094.53
1207.65 1094.22
1262.14 1094.20
1316.89 1094.19
1371.56 1094.59
1425.88 1094.61
1480.55 1094.56
1535.02 1094.16
1589.58 1094.61
1643.93 1094.67
1698.55 1094.63
225.65 1148.74
279.97 1148.74
334.69 1148.68
389.12 1148.66
443.81 1148.69
498.57 1148.65
552.93 1148.71
607.67 1148.67
662.07 1148.74
716.71 1148.68
771.03 1148.65
825.66 1148.74
880.02 1148.75
934.75 1148.79
989.54 1148.82
1043.96 1148.83
1098.69 1148.86
1153.04 1148.88
1207.63 1148.82
1262.12 1148.90
1316.83 1148.83
1371.55 1148.89
1425.82 1148.90
1480.53 1148.89
1534.94 1148.88
1589.62 1148.89
1643.96 1148.90
1698.59 1148.91
224.79 1203.70
279.96 1203.02
334.67 1203.04
389.07 1203.05
443.83 1203.05
498.53 1203.11
552.91 1203.09
607.61 1203.19
662.09 1203.11
716.64 1203.21
771.06 1203.53
825.66 1203.20
880.06 1203.18
934.76 1203.28
989.51 1203.56
1043.86 1203.59
1098.63 1203.63
1152.99 1203.59
1207.67 1203.58
1262.11 1203.58
1316.82 1203.56
1371.55 1203.60
1425.88 1203.60
1480.62 1203.64
1534.85 1203.66
1589.59 1203.63
1644.01 1203.70
1698.84 1203.74
222.85 1258.69
279.87 1257.79
334.70 1257.75
389.08 1257.83
443.94 1257.84
498.18 1257.86
552.86 1257.87
607.53 1257.88
662.03 1257.86
716.71 1257.91
770.98 1257.93
825.73 1257.96
880.09 1257.95
934.74 1257.96
989.57 1257.99
1043.96 1257.99
1098.58 1257.98
1153.00 1257.98
1207.56 1257.96
1262.01 1257.88
1316.89 1257.93
1371.53 1257.88
1425.82 1257.92
1480.61 1257.98
1534.85 1258.10
1589.59 1258.10
1644.02 1258.01
1699.96 1258.74
279.84 1312.63
334.69 1312.56
389.54 1312.65
443.93 1312.56
498.56 1312.57
552.91 1312.55
607.60 1312.61
662.06 1312.62
716.66 1312.63
771.05 1312.59
825.68 1312.60
880.08 1312.68
934.76 1312.75
989.57 1312.70
1043.91 1312.70
1098.56 1312.77
1152.89 1312.66
1207.60 1312.66
1262.04 1312.57
1316.80 1312.64
1371.57 1312.68
1425.85 1312.65
1480.60 1312.73
1534.92 1312.74
1589.59 1312.80
1643.85 1312.76
277.82 1367.50
334.59 1366.91
389.05 1366.91
443.80 1367.02
498.56 1366.99
552.95 1367.00
607.62 1367.07
661.99 1367.06
716.64 1367.07
771.01 1367.05
825.56 1367.01
880.01 1367.03
934.78 1367.09
989.22 1367.01
1043.89 1366.95
1098.60 1366.98
1152.84 1366.94
1207.56 1366.98
1262.14 1366.93
1316.81 1367.05
1371.12 1367.06
1425.90 1367.12
1480.60 1367.04
1535.00 1367.13
1589.62 1367.09
1644.99 1367.82
334.72 1421.58
389.10 1421.59
443.84 1421.67
498.56 1421.67
552.96 1421.63
607.61 1421.64
661.93 1421.67
716.65 1421.71
770.98 1421.60
825.57 1421.64
880.05 1421.53
934.80 1421.63
989.19 1421.64
1043.82 1421.70
1098.52 1421.58
1152.80 1421.55
1207.67 1421.65
1262.09 1421.71
1316.78 1421.67
1371.07 1421.69
1425.94 1421.74
1480.59 1421.71
1535.00 1421.80
1589.62 1421.77
333.64 1476.58
389.12 1475.94
443.85 1476.01
498.57 1476.12
552.85 1476.13
607.59 1476.07
661.97 1476.02
716.72 1476.01
770.94 1476.00
825.71 1475.95
880.04 1476.07
934.82 1476.06
989.52 1476.06
1043.79 1476.00
1098.09 1476.02
1152.83 1476.00
1207.69 1475.97
1262.05 1476.04
1316.84 1476.03
1371.13 1476.13
1425.82 1476.00
1480.78 1476.03
1534.90 1476.05
1590.45 1476.89
389.04 1530.67
443.89 1530.68
498.65 1530.61
552.93 1530.75
607.58 1530.74
661.86 1530.72
716.60 1530.68
770.98 1530.65
825.68 1530.68
880.06 1530.73
934.81 1530.70
989.51 1530.76
1043.74 1530.66
1098.07 1530.57
1152.87 1530.64
1207.62 1530.75
1262.13 1530.89
1316.87 1530.87
1371.04 1530.82
1425.79 1530.82
1480.58 1530.82
1535.04 1530.95
443.75 1585.09
498.66 1585.03
552.90 1584.96
607.54 1584.94
661.79 1584.84
716.62 1584.92
770.89 1584.97
825.78 1584.97
880.02 1585.04
934.76 1585.10
989.51 1585.11
1043.78 1585.15
1098.13 1585.19
1153.06 1585.51
1207.67 1585.55
1262.11 1585.61
1316.78 1585.65
1371.50 1585.69
1425.75 1585.57
1480.77 1585.77
497.99 1639.91
552.93 1639.68
607.08 1639.65
661.77 1639.72
716.61 1639.64
770.93 1639.66
825.74 1639.74
880.11 1639.74
934.80 1639.88
989.05 1639.88
1043.76 1639.89
1098.04 1639.76
1153.55 1639.82
1207.70 1640.06
1262.06 1639.94
1316.75 1639.87
1370.99 1639.82
1426.69 1640.73
552.02 1694.92
607.55 1693.97
661.81 1693.99
716.52 1694.10
770.98 1694.14
825.74 1694.53
880.06 1694.68
934.80 1694.68
989.06 1694.57
1043.73 1694.56
1098.17 1694.51
1152.90 1694.16
1207.71 1694.13
1262.07 1694.56
1316.70 1694.58
1371.97 1695.47
661.07 1750.47
716.05 1749.12
771.01 1748.87
826.65 1749.01
880.01 1749.52
934.81 1748.95
989.54 1748.98
1043.69 1749.01
1098.08 1749.00
1152.92 1748.91
1207.81 1749.52
1262.70 1750.16
770.86 1804.11
826.58 1804.28
879.63 1804.34
934.85 1804.26
989.73 1805.23
1043.84 1805.40
1098.78 1805.13
1153.73 1803.65
