458.97 131.96
486.71 131.96
514.01 131.97
541.58 131.93
568.86 131.91
376.77 159.70
404.48 159.63
431.75 159.64
458.98 159.67
486.79 159.65
514.01 159.65
541.61 159.60
568.87 159.62
596.66 159.58
623.86 159.58
651.15 159.57
321.83 186.82
349.52 186.80
376.79 186.82
404.52 186.80
431.76 186.84
459.00 186.77
486.78 186.80
514.04 186.76
541.61 186.72
568.88 186.72
596.65 186.74
623.89 186.74
651.15 186.72
678.91 186.73
706.19 186.69
266.87 214.59
294.64 214.53
321.89 214.58
349.52 214.54
376.77 214.51
404.52 214.54
431.75 214.53
458.99 214.02
486.75 214.52
514.00 214.52
541.61 214.52
568.88 214.02
596.67 213.99
623.90 214.01
651.17 213.98
678.94 213.94
706.18 213.96
733.38 213.94
761.11 213.96
239.61 241.81
266.91 241.81
294.63 241.85
321.86 241.79
349.53 241.78
376.79 241.75
404.54 241.76
431.75 241.75
459.01 241.75
486.76 241.72
514.01 241.71
541.59 241.73
568.89 241.69
596.62 241.69
623.89 241.66
651.17 241.66
678.92 241.62
706.21 241.65
733.38 241.62
761.14 241.61
788.35 241.63
211.89 269.02
239.62 269.02
266.91 268.99
294.67 269.00
321.87 268.98
349.55 269.01
376.79 268.98
404.52 268.96
431.73 268.95
459.54 268.96
486.79 268.96
514.51 268.96
541.64 268.96
568.89 268.94
596.68 268.91
623.93 268.91
651.16 268.92
678.93 268.88
706.22 268.86
733.39 268.87
761.14 268.89
788.37 268.84
816.07 268.83
211.87 296.69
239.64 296.67
266.92 296.67
294.68 296.66
321.86 296.64
349.58 296.62
376.81 296.59
404.57 296.59
431.75 296.62
459.51 296.57
486.79 296.56
514.54 296.55
541.58 296.51
568.90 296.57
596.68 296.54
623.90 296.52
651.19 296.54
678.95 296.50
706.22 296.52
733.43 296.50
761.15 296.50
788.39 296.48
816.09 296.48
184.62 324.00
211.83 324.03
239.60 324.54
266.88 323.98
294.62 323.99
321.86 323.95
349.53 323.96
376.78 323.96
404.57 323.95
431.74 323.96
459.05 323.91
486.77 323.91
514.03 323.89
541.62 323.95
568.91 323.95
596.63 323.89
623.91 323.92
651.17 323.88
678.94 323.90
706.19 323.91
733.44 323.82
761.16 323.94
788.37 323.92
816.15 323.86
843.32 323.84
184.67 351.70
211.92 351.74
239.62 351.69
266.93 351.70
294.64 351.66
321.87 351.67
349.52 351.69
376.82 351.63
404.55 351.65
431.77 351.63
458.99 351.63
486.81 351.61
514.58 351.57
541.61 351.06
568.90 351.55
596.68 351.06
623.96 351.03
651.22 351.60
678.92 351.55
706.23 351.56
733.44 351.57
761.15 351.00
788.40 351.51
816.13 351.00
843.36 351.00
156.97 379.59
184.71 379.55
211.93 379.60
239.62 379.59
266.94 379.56
294.70 379.54
321.91 379.55
349.59 379.55
376.82 379.05
404.55 379.03
431.81 379.05
459.56 379.02
486.81 379.03
514.56 379.02
541.66 379.01
568.93 378.99
596.69 379.00
623.95 378.98
651.22 378.91
678.95 378.91
706.25 378.92
733.42 378.93
761.17 378.93
788.41 378.90
816.12 378.89
843.41 378.90
871.07 378.88
156.97 406.86
184.71 406.87
211.91 406.81
239.68 406.87
266.99 406.81
294.69 406.83
321.89 406.75
349.56 406.77
376.83 406.77
404.56 406.77
431.82 406.77
459.58 406.70
486.80 406.70
514.54 406.72
541.65 406.70
568.93 406.67
596.70 406.68
623.96 406.70
651.23 406.68
678.95 406.66
706.27 406.64
733.42 406.65
761.15 406.63
788.40 406.63
816.14 406.61
843.39 406.58
871.12 406.60
156.99 434.52
184.71 434.03
211.90 433.98
239.66 433.97
266.97 433.97
294.69 433.96
321.90 433.95
349.60 433.96
376.88 433.94
404.59 433.93
431.81 433.93
459.56 433.93
486.83 433.92
514.58 433.90
541.69 433.91
568.95 433.93
596.73 433.90
623.95 433.89
651.24 433.82
678.99 433.85
706.26 433.88
733.42 433.87
761.15 433.84
788.40 433.79
816.13 433.83
843.42 433.80
871.15 433.79
129.79 461.75
157.01 461.78
184.71 461.76
211.93 461.72
239.71 461.76
266.94 461.74
294.72 461.74
321.91 461.74
349.61 461.68
376.89 461.69
404.57 461.71
431.80 461.71
459.55 461.67
486.83 461.67
514.62 461.69
541.70 461.62
568.98 461.62
596.72 461.64
623.95 461.62
651.25 461.63
679.00 461.63
706.30 461.61
733.48 461.62
761.20 461.61
788.41 461.59
816.19 461.10
843.43 461.10
871.14 461.12
898.43 461.11
129.84 488.95
156.99 488.94
184.71 488.89
211.93 488.88
239.65 488.86
266.96 488.91
294.71 488.87
321.90 488.89
349.60 488.88
376.86 488.85
404.63 488.85
431.80 488.85
459.57 488.84
486.84 488.84
514.58 488.81
541.69 488.84
568.97 488.80
596.74 488.81
623.99 488.81
651.24 488.76
679.00 488.79
706.26 488.77
733.45 488.78
761.20 488.76
788.44 488.72
816.16 488.72
843.44 488.72
871.16 488.69
898.45 488.71
129.83 516.64
157.50 516.61
184.68 516.60
211.94 516.60
239.71 516.62
266.99 516.59
294.70 516.59
321.93 516.60
349.60 516.58
376.88 516.57
404.65 516.55
431.84 516.57
459.59 516.57
486.85 516.06
514.59 516.53
541.68 516.06
569.00 516.04
596.72 516.04
623.97 516.02
651.24 515.99
679.01 516.02
706.30 515.99
733.98 515.99
761.20 515.98
788.44 515.98
816.17 515.98
843.44 515.97
871.15 515.95
898.43 515.95
129.85 543.87
157.00 543.87
184.72 543.83
211.95 543.84
239.68 543.83
267.00 543.82
294.70 543.83
321.92 543.81
349.64 543.81
376.89 543.76
404.59 543.79
431.84 543.74
459.60 543.72
486.88 543.71
514.64 543.69
541.70 543.68
568.97 543.69
596.74 543.67
624.02 543.69
651.24 543.69
679.04 543.71
706.28 543.71
734.02 543.69
761.22 543.70
788.42 543.66
816.18 543.64
843.43 543.66
871.16 543.64
898.44 543.63
129.87 571.69
157.50 571.68
184.76 571.66
211.99 571.68
239.72 571.69
266.99 571.66
294.73 571.64
321.97 571.63
349.62 571.64
376.87 571.65
404.64 571.62
431.84 571.64
459.58 571.62
486.86 571.62
514.65 571.63
541.69 571.61
569.00 571.58
596.75 571.58
624.05 571.58
651.26 571.55
679.03 571.54
706.33 571.55
734.00 571.54
761.22 571.52
788.45 571.01
816.19 571.01
843.47 571.50
871.16 570.99
898.49 570.99
157.50 598.86
184.75 598.89
211.98 598.83
239.71 598.83
267.50 598.83
294.73 598.81
321.93 598.84
349.63 598.80
376.88 598.83
404.61 598.79
431.83 598.79
459.61 598.76
486.89 598.78
514.66 598.76
541.73 598.75
569.01 598.75
596.72 598.76
624.03 598.74
651.32 598.76
679.05 598.75
706.30 598.74
734.03 598.73
761.24 598.73
788.46 598.71
816.19 598.69
843.47 598.68
871.19 598.69
157.55 626.24
184.84 626.35
211.99 626.25
239.71 626.22
266.99 626.22
294.75 626.23
321.95 626.19
349.65 626.19
376.91 626.20
404.70 626.17
431.85 626.18
459.61 626.16
486.89 626.21
514.62 626.18
541.72 626.19
569.04 626.16
596.76 626.13
624.04 626.12
651.29 626.19
679.11 626.13
706.14 625.88
734.03 626.11
761.26 626.08
788.47 626.05
816.20 626.05
843.99 626.03
871.18 626.03
157.51 653.44
184.82 653.31
211.98 653.34
239.74 653.33
267.00 653.34
294.76 653.33
321.98 653.31
349.65 653.34
376.92 653.35
404.70 653.34
431.90 653.30
459.64 653.31
486.89 653.31
514.67 653.28
541.79 653.29
569.53 653.30
596.79 653.27
624.04 653.27
651.30 653.23
679.10 653.20
706.31 653.21
734.01 653.26
761.27 653.20
788.99 653.21
816.21 653.20
843.50 653.19
871.23 653.21
184.71 681.13
212.00 681.12
239.76 681.12
267.01 681.16
294.78 681.12
321.96 681.11
349.70 681.12
376.91 681.05
404.67 681.07
431.87 681.07
459.63 681.07
486.91 681.05
514.64 681.10
541.79 681.01
569.54 681.04
596.81 681.06
624.09 681.01
651.32 681.03
679.07 681.01
706.31 681.02
734.02 680.98
761.29 680.99
788.99 680.98
816.22 680.93
844.00 680.94
184.75 708.31
212.00 708.30
239.73 708.30
267.51 708.30
294.75 708.31
322.02 708.30
349.66 708.30
376.95 708.29
404.70 708.33
431.89 708.30
459.65 708.28
486.92 708.26
514.65 708.23
541.76 708.26
569.56 708.25
596.81 708.23
624.06 708.25
651.39 708.23
679.11 708.17
706.35 708.23
734.08 708.19
761.25 708.19
789.01 708.17
816.26 708.15
844.04 708.14
212.50 736.10
239.73 736.10
267.02 736.11
294.80 736.10
321.99 736.08
349.72 736.08
376.92 736.00
404.70 736.06
431.90 736.05
459.69 736.03
486.92 736.03
514.66 736.01
541.78 735.52
569.55 736.01
596.80 735.50
624.06 735.46
651.34 735.45
679.09 735.49
706.44 735.51
734.06 735.45
761.30 735.45
789.00 735.42
816.25 735.47
212.02 763.20
239.75 763.23
267.56 763.22
294.77 763.26
322.00 763.20
349.68 763.20
376.95 763.18
404.69 763.18
431.91 763.17
459.69 763.20
486.93 763.19
514.74 763.18
541.76 763.18
569.58 763.16
596.82 763.17
624.08 763.14
651.29 763.15
679.08 763.12
706.39 763.12
734.10 763.15
761.31 763.12
789.02 763.13
816.26 763.14
239.76 790.95
267.52 790.96
294.79 790.93
321.99 790.96
349.73 790.41
376.96 790.94
404.68 790.44
431.93 790.42
459.67 790.40
486.94 790.38
514.72 790.41
541.78 790.39
569.57 790.41
596.83 790.38
624.08 790.38
651.34 790.35
679.11 790.37
706.36 790.40
734.07 790.36
761.28 790.39
789.03 790.33
267.53 818.22
294.78 818.21
322.51 818.20
349.72 818.23
376.98 818.20
404.73 818.19
431.89 818.16
459.69 818.18
486.94 818.18
514.72 818.20
541.84 818.15
569.57 818.16
596.84 818.15
624.12 818.15
651.37 818.11
679.13 818.13
706.38 818.12
734.08 818.16
761.31 818.16
322.54 845.90
349.74 845.93
377.01 845.92
404.72 845.41
431.94 845.93
459.68 845.42
486.98 845.40
514.75 845.38
541.80 845.37
569.61 845.38
596.86 845.39
624.09 845.35
651.37 845.37
679.12 845.36
706.40 845.35
376.99 873.29
404.72 873.29
431.95 873.29
459.71 873.29
486.96 873.32
514.75 873.31
541.82 873.30
569.64 873.29
596.88 873.35
624.10 873.24
651.33 873.21
459.75 901.03
487.02 901.02
514.75 901.01
541.81 900.97
569.60 900.96
