458.99 131.82
486.69 131.81
513.98 131.83
541.57 131.79
568.91 131.77
376.72 159.52
403.99 159.50
431.70 159.13
459.00 159.10
486.72 159.12
513.97 159.09
541.60 159.07
568.88 159.07
596.65 159.03
623.90 159.04
651.17 159.03
321.78 186.77
349.04 186.78
376.72 186.79
403.99 186.76
431.70 186.77
459.01 186.72
486.72 186.77
513.96 186.72
541.64 186.65
568.94 186.69
596.62 186.68
623.90 186.67
651.19 186.68
678.90 186.65
706.19 186.61
266.83 214.12
294.54 214.49
321.80 214.09
349.06 214.06
376.74 214.06
404.02 214.04
431.70 214.03
459.01 214.04
486.68 214.03
513.97 214.03
541.59 214.02
568.92 213.98
596.62 213.99
623.90 213.99
651.19 213.94
678.90 213.93
706.18 213.93
733.90 213.91
761.15 213.90
239.53 241.77
266.86 241.75
294.56 241.78
321.80 241.73
349.05 241.72
376.75 241.73
404.02 241.73
431.73 241.70
459.02 241.70
486.70 241.69
514.03 241.65
541.63 241.63
568.95 241.66
596.61 241.63
623.93 241.62
651.22 241.60
678.92 241.59
706.21 241.59
733.87 241.59
761.18 241.54
788.86 241.55
211.87 269.01
239.55 269.02
266.86 269.01
294.55 269.01
321.81 269.00
349.07 268.99
376.75 269.00
404.05 269.00
431.72 268.96
459.04 268.97
486.72 268.95
514.01 268.95
541.63 268.94
568.97 268.94
596.65 268.93
623.93 268.89
651.21 268.90
678.89 268.87
706.23 268.83
733.88 268.83
761.18 268.83
788.89 268.84
816.13 268.80
211.87 296.75
239.58 296.72
266.86 296.71
294.57 296.70
321.81 296.68
349.08 296.67
376.77 296.66
404.03 296.64
431.73 296.64
459.05 296.62
486.73 296.58
514.05 296.60
541.63 296.58
568.98 296.56
596.66 296.59
623.95 296.56
651.22 296.53
678.93 296.52
706.24 296.52
733.91 296.52
761.21 296.48
788.84 296.10
816.14 296.49
184.60 324.04
211.85 324.04
239.53 324.03
266.87 324.03
294.54 324.01
321.82 324.00
349.06 324.00
376.77 324.01
404.08 323.94
431.73 323.96
459.07 323.93
486.76 323.93
514.03 323.95
541.63 323.93
568.97 323.93
596.62 323.90
623.93 323.92
651.22 323.90
678.93 323.89
706.24 323.89
733.98 323.80
761.20 323.88
788.86 323.87
816.19 323.83
843.42 323.80
184.60 351.72
211.92 351.74
239.56 351.70
266.90 351.71
294.59 351.68
321.84 351.69
349.08 351.68
376.78 351.64
404.08 351.62
431.75 351.63
459.06 351.60
486.75 351.58
514.07 351.59
541.65 351.56
568.98 351.52
596.66 351.54
623.96 351.50
651.24 351.53
678.93 351.51
706.25 351.50
733.94 351.53
761.18 351.10
788.89 351.09
816.17 351.09
843.44 351.07
156.97 379.03
184.65 379.03
211.91 379.02
239.57 379.00
266.92 379.01
294.57 379.00
321.85 378.99
349.51 378.96
376.80 378.97
404.09 378.96
431.80 378.92
459.08 378.93
486.78 378.94
514.08 378.93
541.66 378.92
569.00 378.91
596.69 378.89
623.96 378.88
651.29 378.81
678.94 378.86
706.26 378.83
733.93 378.83
761.21 378.83
788.92 378.79
816.17 378.78
843.89 378.79
871.17 378.76
156.96 406.75
184.68 406.78
211.92 406.75
239.61 406.76
266.93 406.73
294.62 406.72
321.87 406.69
349.10 406.69
376.81 406.68
404.08 406.67
431.77 406.63
459.11 406.65
486.79 406.63
514.05 406.61
541.68 406.61
569.01 406.58
596.71 406.59
624.00 406.58
651.31 406.56
678.95 406.55
706.28 406.50
733.93 406.55
761.20 406.52
788.90 406.52
816.18 406.14
843.52 406.13
871.17 406.11
156.97 434.01
184.66 434.04
211.93 434.00
239.62 433.97
266.91 434.01
294.61 433.96
321.89 433.98
349.53 433.96
376.83 433.96
404.08 433.92
431.81 433.93
459.07 433.94
486.79 433.89
514.08 433.88
541.71 433.90
569.01 433.87
596.70 433.88
624.01 433.87
651.30 433.84
679.00 433.82
706.33 433.81
733.95 433.82
761.24 433.80
788.91 433.78
816.22 433.76
843.91 433.78
871.17 433.76
129.75 461.69
157.01 461.69
184.66 461.68
211.96 461.68
239.62 461.67
266.92 461.66
294.65 461.66
321.87 461.63
349.55 461.61
376.86 461.62
404.08 461.59
431.80 461.59
459.10 461.57
486.82 461.57
514.52 461.57
541.73 461.54
569.02 461.52
596.70 461.53
623.99 461.54
651.31 461.49
679.01 461.16
706.32 461.50
733.99 461.12
761.27 461.12
788.91 461.08
816.23 461.07
843.92 461.08
871.20 461.06
898.48 461.06
129.77 488.96
157.02 488.97
184.65 488.94
211.94 488.96
239.59 488.89
266.92 488.90
294.60 488.89
321.91 488.92
349.53 488.89
376.85 488.88
404.52 488.86
431.77 488.86
459.52 488.84
486.81 488.84
514.08 488.84
541.69 488.85
569.04 488.80
596.72 488.82
624.02 488.78
651.31 488.76
679.02 488.76
706.31 488.74
733.97 488.75
761.27 488.72
788.95 488.71
816.23 488.69
843.91 488.71
871.20 488.69
898.90 488.67
129.72 516.63
157.02 516.61
184.63 516.20
211.95 516.62
239.65 516.61
266.95 516.59
294.64 516.58
321.90 516.56
349.53 516.56
376.85 516.55
404.55 516.53
431.83 516.54
459.53 516.52
486.82 516.50
514.11 516.48
541.70 516.48
569.06 516.08
596.71 516.04
624.01 516.07
651.33 516.05
679.03 516.03
706.34 516.02
733.97 516.02
761.28 516.02
788.95 515.99
816.25 516.02
843.95 515.99
871.21 515.98
898.91 515.95
129.77 543.90
157.01 543.88
184.68 543.91
211.98 543.88
239.65 543.86
266.97 543.85
294.67 543.85
321.90 543.83
349.57 543.84
376.86 543.81
404.54 543.80
431.79 543.78
459.54 543.77
486.84 543.74
514.11 543.71
541.74 543.71
569.06 543.69
596.73 543.73
624.04 543.69
651.33 543.69
679.04 543.69
706.32 543.70
734.01 543.69
761.29 543.65
788.94 543.63
816.25 543.65
843.96 543.64
871.24 543.63
898.93 543.61
129.74 571.65
157.01 571.61
184.68 571.60
211.99 571.61
239.65 571.62
266.97 571.59
294.68 571.58
321.92 571.57
349.58 571.58
376.88 571.54
404.55 571.56
431.82 571.56
459.54 571.54
486.84 571.53
514.54 571.12
541.73 571.14
569.07 571.13
596.74 571.11
624.06 571.10
651.36 571.08
679.06 571.06
706.35 571.05
734.02 571.03
761.31 571.05
788.96 571.01
816.24 570.98
843.96 571.01
871.23 570.99
898.95 570.99
157.04 598.92
184.70 598.89
211.97 598.89
239.66 598.88
266.95 598.88
294.69 598.83
321.95 598.85
349.57 598.84
376.89 598.84
404.54 598.82
431.82 598.81
459.58 598.81
486.87 598.79
514.55 598.78
541.76 598.75
569.10 598.77
596.74 598.76
624.08 598.73
651.36 598.73
679.06 598.74
706.35 598.72
734.01 598.71
761.31 598.70
788.99 598.68
816.27 598.68
843.96 598.66
871.23 598.64
157.05 626.25
184.87 626.33
212.00 626.23
239.70 626.22
266.98 626.21
294.72 626.19
321.94 626.16
349.59 626.16
376.89 626.16
404.63 626.14
431.84 626.16
459.57 626.11
486.87 626.15
514.54 626.13
541.77 626.13
569.51 626.09
596.76 626.10
624.08 626.05
651.32 626.10
679.08 626.07
706.20 625.59
734.04 626.03
761.31 626.01
789.00 625.99
816.27 626.01
844.00 626.00
871.24 625.98
157.05 653.95
184.79 653.84
211.99 653.85
239.71 653.89
266.99 653.84
294.70 653.83
321.98 653.45
349.60 653.43
376.91 653.85
404.59 653.82
431.86 653.40
459.58 653.41
486.90 653.42
514.57 653.39
541.80 653.36
569.11 653.37
596.77 653.37
624.08 653.36
651.38 653.34
679.10 653.31
706.37 653.32
734.03 653.32
761.33 653.29
789.01 653.29
816.29 653.28
844.00 653.27
871.29 653.27
184.72 681.18
212.02 681.14
239.68 681.13
266.99 681.15
294.72 681.12
321.97 681.11
349.64 681.16
376.90 681.09
404.59 681.10
431.87 681.08
459.59 681.07
486.87 681.05
514.53 681.13
541.80 681.02
569.52 681.03
596.81 681.03
624.11 681.00
651.39 681.00
679.09 680.99
706.37 681.00
734.03 680.98
761.34 680.98
789.03 680.96
816.29 680.95
843.98 680.94
184.73 708.83
212.02 708.84
239.67 708.43
267.00 708.43
294.72 708.45
321.96 708.39
349.62 708.43
376.93 708.38
404.60 708.36
431.86 708.39
459.61 708.36
486.87 708.37
514.57 708.34
541.82 708.33
569.51 708.34
596.79 708.33
624.09 708.31
651.45 708.34
679.10 708.28
706.40 708.29
734.10 708.29
761.35 708.29
789.03 708.24
816.30 708.23
844.03 708.22
212.03 736.12
239.67 736.10
267.01 736.08
294.74 736.08
322.00 736.07
349.64 736.04
376.94 736.03
404.62 736.03
431.89 736.02
459.62 736.01
486.90 735.99
514.58 735.99
541.82 735.95
569.54 735.98
596.81 735.94
624.13 735.94
651.43 735.92
679.12 735.93
706.49 735.98
734.07 735.89
761.35 735.88
789.07 735.89
816.32 735.86
212.04 763.41
239.74 763.38
267.02 763.39
294.74 763.38
321.98 763.35
349.65 763.33
376.94 763.33
404.62 763.35
431.90 763.33
459.62 763.33
486.92 763.32
514.62 763.32
541.80 763.31
569.56 763.28
596.82 763.30
624.12 763.27
651.41 763.27
679.11 763.26
706.43 763.26
734.08 763.27
761.38 763.23
789.04 763.23
816.33 763.22
239.72 791.06
267.03 791.02
294.73 791.04
321.99 791.02
349.66 791.00
376.98 790.97
404.63 790.97
431.93 790.97
459.65 790.97
486.91 790.96
514.62 790.93
541.82 790.93
569.55 790.95
596.82 790.91
624.14 790.91
651.45 790.90
679.14 790.90
706.42 790.89
734.10 790.87
761.35 790.88
789.07 790.48
267.03 818.36
294.76 818.35
322.00 818.34
349.69 818.34
376.97 818.34
404.64 818.33
431.91 818.29
459.61 818.30
486.92 818.29
514.61 818.28
541.81 818.27
569.57 818.25
596.85 818.23
624.15 818.26
651.46 818.24
679.14 818.24
706.44 818.22
734.09 818.22
761.38 818.23
322.00 845.97
349.69 845.97
377.00 845.98
404.64 845.94
431.92 845.96
459.63 845.94
486.93 845.95
514.63 845.91
541.81 845.89
569.60 845.89
596.85 845.90
624.17 845.89
651.83 845.89
679.14 845.87
706.45 845.88
376.99 873.29
404.67 873.28
431.95 873.28
459.66 873.25
486.96 873.26
514.64 873.25
541.81 873.23
569.61 873.21
596.91 873.36
624.15 873.22
651.45 873.21
459.66 901.04
486.96 901.02
514.65 900.98
541.86 900.94
569.60 900.93
