459.45 133.43
487.23 133.43
514.51 133.47
541.56 133.38
569.36 133.34
377.80 160.70
405.02 160.70
432.22 160.65
459.46 160.66
487.26 160.64
514.48 160.63
541.62 160.62
569.35 160.63
596.66 160.56
623.89 160.61
651.14 160.62
322.82 188.38
350.03 188.36
377.81 188.34
405.02 188.37
432.26 188.37
459.49 188.28
487.32 188.40
514.51 188.29
541.62 188.30
569.39 188.23
596.64 188.28
623.90 188.27
651.16 188.29
678.93 188.30
706.20 188.27
268.41 215.60
295.64 215.62
322.86 215.57
350.04 215.55
377.81 215.52
405.06 215.53
432.26 215.54
459.50 215.50
487.22 215.52
514.51 215.56
541.63 215.53
569.37 215.45
596.64 215.47
623.91 215.48
651.17 215.47
678.92 215.44
706.21 215.49
733.37 215.47
760.62 215.43
240.60 242.83
268.45 242.86
295.63 242.82
322.84 242.79
350.02 242.76
377.82 242.74
405.05 242.77
432.26 242.73
459.49 242.78
487.26 242.73
514.51 242.69
541.62 242.71
569.40 242.68
596.67 242.71
623.90 242.66
651.18 242.72
678.93 242.65
706.23 242.67
733.38 242.64
760.66 242.64
788.38 242.65
213.44 270.46
240.57 270.45
268.45 270.49
295.67 270.47
322.88 270.44
350.01 270.41
377.81 270.41
405.07 270.44
432.25 270.43
459.52 270.41
487.27 270.37
514.53 270.38
541.64 270.37
569.38 270.32
596.66 270.32
623.93 270.38
651.17 270.35
678.93 270.34
706.20 270.31
733.40 270.27
760.64 270.31
788.37 270.31
815.59 270.26
213.41 297.75
240.66 297.77
268.43 297.74
295.70 297.73
322.84 297.67
350.01 297.64
377.82 297.63
405.10 297.64
432.23 297.60
459.54 297.61
487.26 297.56
514.56 297.59
541.60 297.55
569.40 297.54
596.67 297.56
623.91 297.57
651.20 297.55
678.94 297.55
706.23 297.58
733.43 297.56
760.65 297.54
788.35 297.55
815.59 297.54
186.22 325.01
213.38 325.03
240.58 325.03
268.40 325.03
295.60 324.99
322.84 324.95
350.01 324.96
377.80 324.97
405.07 324.93
432.23 324.91
459.50 324.92
487.25 324.93
514.53 324.93
541.60 324.93
569.42 324.90
596.64 324.96
623.92 324.94
651.19 324.89
678.94 324.93
706.22 324.92
733.43 324.85
760.66 324.93
788.36 324.92
815.68 324.86
842.83 324.87
186.22 352.23
213.42 352.24
240.59 352.21
268.44 352.22
295.68 352.17
322.85 352.17
350.02 352.17
377.80 352.12
405.08 352.15
432.24 352.14
459.49 352.11
487.30 352.10
514.59 352.08
541.62 352.04
569.38 352.05
596.68 352.03
623.97 352.03
651.21 352.10
678.93 352.05
706.27 352.09
733.43 352.07
760.65 352.04
788.39 352.03
815.65 352.02
842.87 352.04
158.52 380.11
186.30 380.07
213.48 380.09
240.60 380.06
268.47 380.08
295.67 380.05
322.90 380.05
350.04 380.00
377.81 380.00
405.04 379.99
432.31 380.01
459.54 380.01
487.28 379.99
514.59 379.99
541.65 379.98
569.40 379.96
596.72 379.96
623.97 379.92
651.24 379.90
678.97 379.88
706.27 379.91
733.46 379.89
760.69 379.89
788.42 379.87
815.64 379.85
842.91 379.91
870.62 379.86
158.50 407.36
186.29 407.37
213.46 407.37
240.65 407.34
268.49 407.34
295.69 407.31
322.90 407.27
350.09 407.23
377.86 407.26
405.06 407.30
432.30 407.25
459.58 407.21
487.28 407.25
514.56 407.22
541.66 407.21
569.41 407.17
596.71 407.21
623.96 407.21
651.23 407.19
678.94 407.15
706.28 407.16
733.42 407.19
760.68 407.18
788.44 407.13
815.66 407.13
842.90 407.12
870.62 407.12
158.49 434.55
186.33 434.55
213.47 434.53
240.66 434.51
268.50 434.50
295.70 434.50
322.91 434.48
350.07 434.47
377.87 434.47
405.09 434.47
432.30 434.44
459.56 434.48
487.34 434.43
514.58 434.42
541.70 434.43
569.45 434.39
596.71 434.41
623.96 434.39
651.27 434.38
678.99 434.36
706.29 434.39
733.45 434.35
760.71 434.37
788.41 434.35
815.66 434.31
842.94 434.34
870.64 434.33
131.40 461.80
158.55 461.79
186.27 461.76
213.44 461.74
240.67 461.76
268.50 461.76
295.71 461.78
322.91 461.77
350.10 461.72
377.89 461.66
405.10 461.72
432.30 461.72
459.57 461.69
487.31 461.70
514.63 461.71
541.73 461.65
569.47 461.64
596.74 461.65
623.99 461.68
651.24 461.63
679.00 461.64
706.30 461.62
733.48 461.64
760.71 461.61
788.43 461.59
815.69 461.59
842.94 461.57
870.64 461.60
897.90 461.56
131.43 489.44
158.58 489.42
186.27 489.43
213.49 489.40
240.64 489.40
268.53 489.43
295.71 489.38
322.90 489.36
350.10 489.34
377.92 489.35
405.11 489.33
432.28 489.34
459.57 489.36
487.34 489.30
514.58 489.32
541.70 489.34
569.43 489.27
596.71 489.28
623.98 489.29
651.23 489.25
679.00 489.28
706.28 489.27
733.47 489.28
760.71 489.26
788.44 489.24
815.68 489.21
842.94 489.23
870.65 489.21
897.95 489.17
131.38 516.71
158.60 516.71
186.32 516.69
213.50 516.67
240.67 516.66
268.51 516.66
295.71 516.65
322.89 516.65
350.11 516.66
377.93 516.63
405.13 516.63
432.34 516.62
459.61 516.61
487.35 516.58
514.60 516.59
541.70 516.57
569.49 516.58
596.71 516.54
623.98 516.55
651.26 516.51
679.05 516.52
706.28 516.53
733.50 516.52
760.71 516.52
788.44 516.51
815.67 516.51
842.94 516.51
870.66 516.48
897.95 516.48
131.44 543.80
158.56 543.86
186.30 543.84
213.53 543.82
240.67 543.80
268.51 543.80
295.72 543.80
322.97 543.77
350.09 543.75
377.88 543.74
405.15 543.75
432.32 543.72
459.62 543.74
487.38 543.64
514.64 543.63
541.71 543.65
569.48 543.64
596.79 543.67
624.02 543.64
651.24 543.67
679.06 543.68
706.30 543.68
733.50 543.68
760.73 543.65
788.42 543.64
815.69 543.61
842.95 543.64
870.65 543.65
897.95 543.61
131.42 571.72
158.56 571.71
186.31 571.69
213.52 571.69
240.69 571.70
268.50 571.69
295.76 571.66
322.93 571.65
350.15 571.66
377.88 571.66
405.16 571.68
432.31 571.65
459.61 571.68
487.34 571.63
514.65 571.64
541.74 571.66
569.49 571.59
596.76 571.63
624.07 571.57
651.28 571.60
679.06 571.57
706.34 571.57
733.50 571.58
760.73 571.55
788.45 571.53
815.67 571.50
842.97 571.53
870.70 571.49
897.97 571.50
158.61 598.96
186.32 598.93
213.49 598.92
240.72 598.89
268.53 598.89
295.73 598.89
322.98 598.88
350.11 598.85
377.94 598.89
405.16 598.84
432.35 598.86
459.64 598.84
487.38 598.83
514.68 598.83
541.73 598.82
569.48 598.80
596.76 598.81
624.04 598.81
651.32 598.82
679.05 598.80
706.30 598.80
733.53 598.79
760.76 598.79
788.46 598.76
815.68 598.79
842.96 598.74
870.71 598.74
158.58 626.33
186.52 626.44
213.51 626.31
240.69 626.27
268.52 626.25
295.78 626.28
322.94 626.24
350.13 626.27
377.89 626.26
405.21 626.23
432.36 626.24
459.63 626.24
487.37 626.29
514.63 626.22
541.74 626.22
569.50 626.24
596.77 626.22
624.06 626.15
651.29 626.22
679.12 626.20
706.15 625.95
733.51 626.12
760.75 626.14
788.47 626.11
815.73 626.11
843.00 626.11
870.67 626.09
158.57 653.47
186.47 653.35
213.53 653.40
240.72 653.42
268.51 653.40
295.75 653.39
322.95 653.40
350.15 653.39
377.91 653.41
405.20 653.41
432.38 653.36
459.66 653.39
487.42 653.39
514.65 653.35
541.80 653.32
569.56 653.35
596.79 653.36
624.06 653.34
651.30 653.30
679.13 653.26
706.32 653.30
733.53 653.29
760.78 653.27
788.50 653.27
815.73 653.27
843.00 653.24
870.72 653.25
186.32 681.15
213.50 681.13
240.73 681.15
268.52 681.15
295.80 681.11
323.01 681.11
350.21 681.14
377.94 681.09
405.17 681.08
432.37 681.10
459.67 681.11
487.40 681.06
514.65 681.10
541.79 681.04
569.57 681.05
596.81 681.07
624.09 681.03
651.31 681.02
679.07 681.04
706.33 681.03
733.55 681.03
760.80 681.00
788.51 681.00
815.73 680.96
842.99 680.97
186.30 708.36
213.50 708.36
240.72 708.31
268.53 708.29
295.74 708.34
322.96 708.31
350.15 708.29
377.96 708.32
405.20 708.30
432.40 708.32
459.68 708.30
487.39 708.26
514.66 708.26
541.79 708.25
569.54 708.27
596.80 708.23
624.10 708.26
651.38 708.23
679.08 708.21
706.35 708.23
733.57 708.22
760.76 708.20
788.51 708.16
815.75 708.16
843.04 708.17
213.54 735.61
240.74 735.63
268.52 735.58
295.81 735.59
323.01 735.59
350.24 735.59
377.97 735.53
405.21 735.57
432.40 735.56
459.70 735.52
487.41 735.52
514.66 735.52
541.80 735.50
569.56 735.50
596.81 735.49
624.07 735.47
651.36 735.46
679.09 735.48
706.45 735.49
733.58 735.47
760.78 735.47
788.51 735.43
815.77 735.46
213.49 762.77
240.74 762.82
268.54 762.77
295.79 762.79
322.99 762.79
350.16 762.75
377.98 762.74
405.22 762.73
432.42 762.73
459.71 762.74
487.42 762.75
514.73 762.70
541.74 762.74
569.58 762.73
596.83 762.73
624.10 762.70
651.35 762.73
679.10 762.69
706.40 762.66
733.57 762.68
760.79 762.69
788.52 762.66
815.75 762.67
240.70 790.51
268.55 790.51
295.77 790.47
322.95 790.49
350.21 790.46
377.96 790.50
405.21 790.44
432.41 790.45
459.69 790.43
487.42 790.42
514.73 790.43
541.81 790.39
569.59 790.40
596.85 790.42
624.10 790.41
651.36 790.42
679.12 790.41
706.37 790.41
733.57 790.38
760.78 790.39
788.51 790.35
268.57 817.78
295.77 817.76
323.02 817.75
350.21 817.73
377.97 817.75
405.22 817.72
432.38 817.71
459.71 817.72
487.43 817.74
514.73 817.69
541.83 817.71
569.58 817.72
596.86 817.69
624.11 817.65
651.37 817.68
679.14 817.65
706.38 817.67
733.57 817.67
760.79 817.67
323.05 845.04
350.23 845.04
378.00 845.06
405.24 844.99
432.41 845.07
459.69 845.04
487.45 845.03
514.77 844.97
541.82 844.98
569.65 844.99
596.87 844.98
624.14 844.97
651.37 844.96
679.15 844.95
706.40 844.95
378.02 872.83
405.23 872.79
432.42 872.81
459.71 872.80
487.45 872.84
514.74 872.81
541.77 872.80
569.63 872.81
596.90 872.85
624.08 872.74
651.38 872.74
459.74 900.11
487.49 900.12
514.77 900.09
541.80 900.07
569.58 900.04
