486.54 151.06
514.01 155.50
541.42 155.53
376.62 181.13
404.06 181.17
431.55 181.19
459.04 180.95
486.67 180.69
514.06 183.72
541.45 181.19
568.95 181.44
596.41 181.48
623.91 181.49
651.38 181.63
321.71 205.38
349.13 205.52
376.62 205.79
404.09 210.29
431.55 210.28
459.03 205.89
486.54 206.28
513.95 206.23
541.40 206.51
568.96 206.43
596.44 210.42
623.91 210.49
651.34 206.81
678.87 210.61
706.36 210.40
294.23 228.98
321.69 229.23
349.16 229.19
376.59 236.27
404.10 236.20
431.55 229.65
459.07 236.33
486.56 236.52
514.03 236.42
541.37 230.15
568.97 236.59
596.42 236.67
623.87 230.51
651.38 236.90
678.87 236.81
706.36 236.76
733.83 236.91
266.76 260.46
294.33 260.52
321.77 260.67
349.18 260.82
376.62 260.97
404.09 261.11
431.57 261.15
459.10 261.20
486.57 261.52
514.06 261.85
541.43 261.70
568.97 261.64
596.43 261.73
623.95 261.94
651.39 262.05
678.89 262.13
706.36 262.05
733.85 262.28
761.36 265.50
239.31 283.87
266.75 284.07
294.31 284.21
321.74 284.43
349.18 284.21
376.64 284.60
404.09 284.65
431.57 284.90
459.03 284.90
486.55 285.14
514.04 285.27
541.41 285.22
569.00 285.32
596.46 285.49
623.90 285.73
651.38 285.85
678.87 286.18
706.39 286.02
733.86 286.17
761.32 286.50
788.80 291.96
211.87 307.32
239.30 307.41
266.84 315.74
294.34 307.53
321.74 307.77
349.17 307.85
376.60 308.03
404.15 308.18
431.60 308.22
459.11 308.33
486.61 308.50
514.07 308.68
541.43 308.70
569.02 308.79
596.44 309.24
623.98 308.99
651.40 309.12
678.90 309.34
706.39 317.23
733.87 309.74
761.34 317.47
788.78 310.05
816.31 317.63
184.35 339.15
211.85 339.27
239.36 339.40
266.84 339.51
294.29 339.65
321.79 339.83
349.22 340.05
376.65 340.11
404.16 340.12
431.59 340.27
459.09 340.66
486.62 340.74
514.09 340.72
541.46 340.90
569.05 340.90
596.47 341.24
623.98 341.12
651.42 341.39
678.92 341.37
706.38 341.40
733.94 342.08
761.35 341.75
788.81 341.78
816.29 341.97
843.76 342.00
184.39 356.32
211.88 362.64
239.44 362.84
266.86 362.94
294.33 362.98
321.84 363.14
349.22 363.20
376.69 363.29
404.16 363.41
431.59 363.52
459.16 363.77
486.65 363.85
514.09 363.98
541.48 364.18
569.09 364.30
596.47 364.43
624.00 364.53
651.44 364.64
678.92 364.92
706.43 364.91
733.91 365.02
761.36 365.18
788.82 365.50
816.31 372.81
843.81 365.78
157.01 386.45
184.50 386.41
211.88 386.70
239.35 386.87
266.89 386.87
294.39 386.82
321.78 387.27
349.21 387.41
376.70 387.12
404.19 387.40
431.67 387.47
459.15 387.83
486.64 387.46
514.11 387.80
541.53 387.76
569.06 388.00
596.49 388.01
624.00 388.21
651.50 388.23
678.97 388.32
706.41 388.44
733.88 388.24
761.39 388.63
788.85 388.91
816.36 397.59
843.85 397.66
871.28 397.86
157.01 411.56
184.49 411.58
211.92 418.15
239.47 411.78
266.91 418.32
294.40 418.32
321.84 412.07
349.26 412.11
376.70 411.86
404.20 412.17
431.63 412.08
459.18 412.30
486.65 419.30
514.14 419.32
541.52 412.24
569.09 419.73
596.53 420.08
624.02 412.37
651.45 412.29
679.01 420.21
706.46 420.33
733.91 412.73
761.42 420.65
788.86 420.82
816.35 420.95
843.84 421.07
871.28 421.25
157.03 441.69
184.53 441.43
211.92 441.74
239.49 441.94
266.93 441.99
294.38 441.99
321.86 442.34
349.27 442.45
376.75 442.25
404.23 442.48
431.70 442.53
459.23 442.60
486.69 442.66
514.19 442.49
541.54 442.88
569.09 443.06
596.56 443.15
624.03 443.14
651.47 443.27
679.04 443.45
706.48 443.57
733.96 443.65
761.41 443.73
788.89 443.83
816.34 444.07
843.87 443.99
871.33 444.32
157.10 464.31
184.56 466.53
211.97 466.58
239.45 466.75
266.96 466.94
294.41 466.89
321.88 466.96
349.29 467.25
376.80 466.93
404.22 467.08
431.70 467.19
459.24 467.26
486.74 467.08
514.23 467.28
541.61 467.43
569.15 467.54
596.56 467.37
624.04 467.49
651.53 467.48
679.06 467.45
706.53 467.78
733.97 467.62
761.45 467.74
788.92 467.87
816.37 468.06
843.87 468.06
871.33 468.20
129.62 492.39
157.19 492.71
184.56 492.60
211.98 492.70
239.44 492.90
266.93 492.91
294.40 492.66
321.89 492.87
349.32 492.98
376.77 492.72
404.27 492.82
431.71 492.94
459.23 493.09
486.70 492.83
514.15 498.29
541.60 493.02
569.14 498.44
596.54 498.49
624.06 493.12
651.56 493.01
679.07 498.76
706.52 493.10
733.97 498.93
761.44 493.06
788.93 493.19
816.37 499.32
843.87 493.31
871.36 499.59
898.84 499.95
129.64 519.08
157.27 519.40
184.58 521.56
212.01 521.72
239.50 519.36
266.99 521.71
294.47 521.68
321.96 519.37
349.33 522.12
376.80 521.96
404.26 522.05
431.70 522.11
459.28 522.31
486.75 521.98
514.19 522.23
541.62 522.31
569.15 522.44
596.59 522.36
624.11 522.52
651.58 522.54
679.06 522.65
706.52 522.79
734.05 522.71
761.44 522.98
788.96 522.87
816.43 523.20
843.89 523.26
871.39 523.25
898.84 523.43
129.64 547.38
157.24 547.75
184.63 547.53
212.04 547.62
239.55 547.72
267.03 547.70
294.48 547.79
321.95 547.73
349.36 547.83
376.83 547.72
404.30 547.88
431.74 547.86
459.30 547.90
486.77 547.72
514.22 547.95
541.68 547.93
569.17 547.98
596.63 547.92
624.14 548.13
651.60 547.95
679.05 547.95
706.53 548.23
734.03 548.07
761.51 548.08
788.94 548.29
816.46 548.40
843.94 548.30
871.39 548.44
898.84 555.15
157.11 574.31
184.63 574.24
212.02 574.33
239.48 574.38
267.00 574.41
294.51 574.31
321.94 574.45
349.40 574.68
376.83 574.30
404.31 574.48
431.77 574.52
459.30 574.57
486.72 577.48
514.23 574.51
541.67 574.47
569.20 577.86
596.65 577.99
624.16 574.55
651.63 577.89
679.11 577.97
706.59 574.54
734.04 574.51
761.52 574.51
788.99 578.60
816.43 578.76
843.94 574.60
871.40 574.59
157.22 601.31
184.72 600.95
212.09 601.22
239.58 601.36
267.06 601.35
294.53 602.90
322.00 601.46
349.40 601.59
376.86 602.95
404.32 603.03
431.76 603.05
459.39 601.71
486.78 603.02
514.26 603.23
541.69 603.14
569.21 603.30
596.65 603.28
624.15 603.34
651.58 603.01
679.14 603.18
706.58 603.94
734.08 603.23
761.55 603.49
789.03 601.32
816.48 601.32
843.96 603.56
871.43 601.42
157.33 628.53
184.89 629.44
212.05 629.31
239.53 629.46
267.08 629.38
294.53 629.38
321.99 629.51
349.40 629.49
376.91 629.38
404.54 629.80
431.81 629.64
459.34 629.59
486.79 629.44
514.27 629.60
541.72 629.49
569.27 629.69
596.69 629.59
624.19 629.55
651.61 629.73
679.17 629.41
707.47 636.26
734.09 629.42
761.55 629.69
789.02 629.61
816.46 629.73
843.97 629.72
871.39 629.78
157.16 656.32
184.83 656.36
212.10 656.34
239.66 656.32
267.07 656.37
294.57 656.29
322.02 656.48
349.50 656.49
376.94 656.28
404.44 656.41
431.85 656.53
459.39 656.42
486.87 656.25
514.34 655.89
541.75 656.38
569.25 656.51
596.74 656.32
624.23 656.46
651.68 656.35
679.21 656.28
706.64 656.39
734.12 656.29
761.59 656.41
789.08 656.31
816.51 656.44
844.01 656.42
871.46 658.91
184.73 683.53
212.17 683.53
239.76 683.54
267.20 683.65
294.67 683.63
322.12 683.69
349.63 684.07
377.08 683.58
404.38 684.59
431.91 683.80
459.50 683.89
486.83 684.48
514.32 684.58
541.78 684.63
569.36 683.71
596.74 684.70
624.29 683.66
651.69 684.37
679.17 684.53
706.66 684.82
734.12 683.38
761.57 683.50
789.06 684.69
816.51 684.79
844.02 684.68
185.01 710.98
212.16 711.33
239.67 711.27
267.12 711.28
294.61 711.35
322.07 711.32
349.83 711.46
376.94 711.31
404.43 711.48
431.86 711.45
459.45 711.53
486.95 711.32
514.39 711.44
541.82 711.48
569.33 711.50
596.76 711.43
624.27 711.48
651.76 711.30
679.24 711.40
706.68 711.25
734.24 710.86
761.60 711.41
789.09 711.38
816.55 711.43
844.04 711.45
212.20 738.46
239.82 738.53
267.23 738.49
294.70 738.50
322.15 738.61
349.59 738.49
377.08 738.47
404.56 738.64
431.99 738.79
459.51 738.59
486.98 738.56
514.49 738.59
541.88 738.65
569.38 738.65
596.81 738.53
624.31 738.67
651.77 738.41
679.25 738.45
706.75 738.61
734.17 738.38
761.64 738.51
789.17 738.52
816.53 739.87
239.91 765.89
267.49 765.90
294.94 765.84
322.36 765.67
349.78 765.74
377.31 765.88
404.81 766.20
432.22 766.27
459.73 765.98
486.96 766.22
514.73 766.20
541.94 766.20
569.57 766.10
597.02 766.12
624.42 766.07
651.72 766.20
679.35 765.77
706.74 766.42
734.24 765.80
761.80 765.88
789.15 766.34
267.87 793.88
294.76 793.41
322.75 793.83
349.67 793.40
377.14 793.41
404.62 793.54
432.08 793.70
459.58 793.55
487.08 793.39
514.55 793.54
541.88 793.60
569.40 793.62
596.90 793.54
624.35 793.48
651.76 793.47
679.30 793.38
706.76 793.37
734.40 793.44
761.68 793.48
295.87 821.74
323.44 822.11
349.76 820.85
377.29 820.85
404.75 821.00
432.12 820.90
459.68 821.13
487.15 820.94
514.65 821.16
541.96 821.14
569.48 821.17
596.96 821.01
624.37 821.09
651.82 820.94
679.40 820.85
706.82 820.85
734.28 820.76
322.84 848.87
350.12 848.56
377.71 848.72
405.12 848.97
432.60 849.26
459.99 848.88
487.58 848.92
515.03 849.05
542.30 848.89
569.92 848.95
597.19 849.07
624.57 848.79
652.18 848.72
679.33 848.38
706.80 848.47
378.30 877.52
404.74 876.15
432.16 875.96
459.66 876.13
487.13 876.14
515.57 877.56
542.77 877.31
569.57 876.30
597.61 878.73
624.40 876.19
651.89 876.12
488.37 905.45
515.54 904.60
542.86 904.55
