459.45 133.45
487.24 133.41
514.54 133.46
541.58 133.39
569.36 133.32
377.81 160.64
405.02 160.63
432.24 160.62
459.46 160.64
487.27 160.58
514.51 160.59
541.64 160.59
569.38 160.58
596.65 160.54
623.90 160.56
651.17 160.56
322.86 188.31
350.05 188.33
377.78 188.30
405.03 188.33
432.25 188.30
459.49 188.29
487.31 188.35
514.50 188.26
541.62 188.28
569.39 188.19
596.66 188.18
623.89 188.26
651.15 188.22
678.95 188.27
706.19 188.19
268.44 215.59
295.67 215.59
322.86 215.54
350.03 215.53
377.81 215.48
405.05 215.52
432.24 215.48
459.50 215.49
487.28 215.51
514.52 215.50
541.64 215.49
569.38 215.41
596.65 215.43
623.92 215.44
651.14 215.41
678.95 215.43
706.21 215.47
733.39 215.45
760.63 215.41
240.60 242.79
268.42 242.79
295.63 242.79
322.83 242.73
350.02 242.73
377.79 242.71
405.06 242.74
432.23 242.68
459.50 242.73
487.28 242.71
514.52 242.66
541.65 242.65
569.41 242.65
596.68 242.70
623.89 242.62
651.14 242.63
678.94 242.64
706.23 242.62
733.38 242.60
760.64 242.60
788.37 242.60
213.44 270.52
240.57 270.47
268.43 270.49
295.69 270.50
322.84 270.45
350.02 270.46
377.86 270.46
405.04 270.44
432.24 270.44
459.54 270.40
487.24 270.41
514.53 270.42
541.65 270.41
569.41 270.35
596.67 270.34
623.94 270.39
651.16 270.36
678.92 270.33
706.22 270.33
733.41 270.30
760.64 270.31
788.38 270.32
815.59 270.28
213.35 297.74
240.63 297.73
268.41 297.76
295.68 297.73
322.86 297.67
350.06 297.67
377.79 297.63
405.09 297.63
432.22 297.59
459.55 297.61
487.31 297.54
514.55 297.57
541.60 297.55
569.39 297.53
596.68 297.55
623.94 297.51
651.18 297.56
678.96 297.54
706.21 297.57
733.45 297.54
760.68 297.52
788.36 297.52
815.60 297.55
186.20 325.01
213.34 325.02
240.58 325.04
268.35 325.04
295.59 324.99
322.83 324.96
350.00 324.95
377.79 324.95
405.04 324.92
432.22 324.93
459.49 324.89
487.28 324.90
514.48 324.90
541.65 324.94
569.40 324.88
596.67 324.93
623.94 324.93
651.23 324.91
678.92 324.88
706.23 324.91
733.44 324.86
760.68 324.91
788.37 324.89
815.69 324.82
842.84 324.86
186.19 352.19
213.42 352.22
240.64 352.19
268.45 352.18
295.67 352.14
322.88 352.12
350.00 352.12
377.81 352.09
405.07 352.10
432.23 352.09
459.51 352.09
487.28 352.04
514.58 352.03
541.63 352.02
569.41 352.00
596.70 352.01
623.97 352.02
651.23 352.04
678.96 352.01
706.26 352.01
733.46 352.05
760.67 351.98
788.38 351.98
815.66 351.98
842.87 352.01
158.52 380.11
186.27 380.09
213.45 380.10
240.61 380.05
268.49 380.09
295.67 380.07
322.90 380.05
350.08 380.05
377.85 380.05
405.06 380.01
432.30 380.06
459.57 380.03
487.31 380.01
514.62 380.03
541.66 380.01
569.44 379.97
596.72 379.95
623.96 379.95
651.23 379.92
678.96 379.91
706.26 379.91
733.44 379.91
760.67 379.92
788.45 379.89
815.64 379.89
842.92 379.91
870.61 379.88
158.49 407.38
186.26 407.40
213.43 407.38
240.68 407.40
268.47 407.35
295.67 407.32
322.89 407.29
350.07 407.27
377.84 407.27
405.08 407.33
432.27 407.25
459.61 407.24
487.30 407.27
514.56 407.22
541.63 407.20
569.43 407.20
596.72 407.19
623.97 407.23
651.24 407.21
678.94 407.19
706.29 407.18
733.44 407.21
760.68 407.17
788.43 407.15
815.66 407.14
842.92 407.15
870.65 407.10
158.52 434.54
186.34 434.54
213.46 434.51
240.70 434.52
268.46 434.50
295.72 434.47
322.91 434.46
350.09 434.48
377.87 434.46
405.09 434.46
432.32 434.46
459.55 434.45
487.34 434.41
514.62 434.41
541.69 434.43
569.44 434.41
596.73 434.39
623.99 434.39
651.25 434.38
679.01 434.36
706.27 434.41
733.44 434.38
760.70 434.37
788.41 434.32
815.63 434.29
842.94 434.32
870.65 434.31
131.38 461.76
158.55 461.77
186.29 461.80
213.45 461.73
240.67 461.74
268.52 461.78
295.70 461.73
322.91 461.73
350.11 461.68
377.92 461.69
405.12 461.69
432.31 461.70
459.57 461.65
487.36 461.67
514.60 461.68
541.70 461.64
569.49 461.60
596.74 461.61
623.96 461.65
651.27 461.62
679.03 461.61
706.29 461.63
733.46 461.63
760.74 461.60
788.42 461.57
815.70 461.54
842.92 461.56
870.67 461.55
897.93 461.56
131.39 489.44
158.54 489.44
186.27 489.39
213.45 489.38
240.64 489.38
268.50 489.42
295.73 489.39
322.92 489.38
350.07 489.35
377.87 489.34
405.08 489.32
432.28 489.30
459.58 489.34
487.31 489.28
514.56 489.32
541.70 489.33
569.46 489.26
596.73 489.29
623.96 489.28
651.26 489.24
678.97 489.25
706.31 489.23
733.48 489.24
760.69 489.25
788.46 489.21
815.69 489.19
842.96 489.23
870.67 489.15
897.93 489.14
131.42 516.69
158.58 516.64
186.32 516.66
213.45 516.64
240.67 516.63
268.50 516.64
295.70 516.61
322.92 516.62
350.11 516.62
377.90 516.61
405.16 516.58
432.36 516.61
459.58 516.58
487.37 516.53
514.60 516.56
541.69 516.56
569.48 516.54
596.75 516.49
623.98 516.51
651.26 516.47
679.03 516.49
706.29 516.49
733.51 516.48
760.70 516.48
788.44 516.47
815.71 516.45
842.95 516.47
870.66 516.48
897.95 516.44
131.42 543.90
158.52 543.91
186.27 543.89
213.48 543.90
240.67 543.89
268.51 543.87
295.69 543.85
322.92 543.83
350.07 543.81
377.87 543.80
405.10 543.82
432.31 543.80
459.63 543.80
487.38 543.75
514.64 543.71
541.71 543.72
569.46 543.72
596.76 543.73
624.03 543.71
651.27 543.76
679.03 543.75
706.29 543.73
733.51 543.74
760.73 543.69
788.42 543.71
815.70 543.68
842.95 543.69
870.68 543.67
897.97 543.66
131.35 571.64
158.55 571.67
186.32 571.67
213.53 571.63
240.69 571.66
268.48 571.66
295.71 571.63
322.94 571.59
350.09 571.59
377.85 571.60
405.13 571.58
432.34 571.62
459.62 571.63
487.35 571.59
514.66 571.62
541.72 571.57
569.47 571.54
596.76 571.56
624.07 571.53
651.27 571.52
679.07 571.54
706.33 571.53
733.53 571.52
760.73 571.50
788.45 571.46
815.71 571.45
842.98 571.48
870.70 571.44
897.98 571.45
158.57 598.95
186.32 598.96
213.50 598.91
240.70 598.91
268.53 598.88
295.72 598.90
322.91 598.90
350.11 598.86
377.91 598.86
405.13 598.87
432.32 598.85
459.62 598.82
487.37 598.83
514.67 598.84
541.74 598.83
569.52 598.82
596.75 598.82
624.03 598.81
651.32 598.80
679.07 598.82
706.32 598.79
733.51 598.79
760.77 598.78
788.48 598.77
815.73 598.77
843.00 598.76
870.71 598.75
158.60 626.30
186.53 626.38
213.49 626.27
240.71 626.25
268.53 626.23
295.75 626.24
322.97 626.23
350.09 626.22
377.92 626.22
405.20 626.20
432.33 626.20
459.62 626.20
487.36 626.24
514.63 626.17
541.73 626.20
569.48 626.17
596.77 626.17
624.05 626.13
651.30 626.17
679.12 626.15
706.12 625.88
733.52 626.10
760.77 626.10
788.49 626.05
815.73 626.07
842.99 626.04
870.70 626.06
158.54 653.54
186.45 653.42
213.54 653.45
240.70 653.50
268.48 653.47
295.75 653.44
322.94 653.44
350.14 653.43
377.92 653.45
405.18 653.44
432.38 653.41
459.64 653.47
487.43 653.43
514.67 653.40
541.77 653.39
569.52 653.38
596.80 653.37
624.04 653.40
651.29 653.36
679.13 653.30
706.33 653.33
733.53 653.35
760.76 653.32
788.50 653.31
815.71 653.31
843.01 653.32
870.72 653.30
186.30 681.12
213.50 681.09
240.74 681.08
268.48 681.10
295.76 681.08
322.98 681.06
350.22 681.10
377.94 681.05
405.14 681.03
432.34 681.04
459.67 681.03
487.38 681.03
514.66 681.04
541.82 680.99
569.56 681.00
596.81 681.01
624.09 680.98
651.32 680.97
679.08 681.00
706.31 680.95
733.54 680.96
760.77 680.95
788.51 680.93
815.73 680.88
843.01 680.91
186.37 708.38
213.51 708.39
240.75 708.38
268.47 708.38
295.73 708.39
323.00 708.34
350.15 708.37
377.98 708.37
405.15 708.37
432.37 708.37
459.66 708.33
487.41 708.33
514.66 708.31
541.79 708.31
569.54 708.32
596.83 708.29
624.08 708.30
651.41 708.31
679.09 708.25
706.34 708.28
733.58 708.27
760.75 708.25
788.50 708.20
815.76 708.19
843.00 708.20
213.49 735.66
240.70 735.65
268.52 735.63
295.81 735.62
322.99 735.62
350.18 735.63
377.93 735.58
405.20 735.62
432.38 735.56
459.68 735.55
487.39 735.57
514.68 735.55
541.80 735.54
569.52 735.57
596.80 735.50
624.09 735.50
651.33 735.46
679.10 735.51
706.45 735.51
733.56 735.46
760.80 735.49
788.54 735.45
815.79 735.49
213.53 762.74
240.72 762.80
268.55 762.77
295.78 762.79
322.97 762.76
350.18 762.72
377.96 762.74
405.19 762.73
432.39 762.71
459.67 762.71
487.41 762.72
514.74 762.73
541.76 762.71
569.57 762.70
596.84 762.73
624.08 762.69
651.33 762.66
679.10 762.67
706.39 762.63
733.57 762.68
760.81 762.65
788.52 762.65
815.76 762.62
240.72 790.51
268.59 790.47
295.78 790.49
322.98 790.50
350.18 790.45
377.97 790.49
405.23 790.45
432.42 790.43
459.67 790.41
487.44 790.41
514.72 790.42
541.79 790.37
569.55 790.42
596.82 790.41
624.10 790.37
651.34 790.37
679.11 790.38
706.37 790.39
733.56 790.36
760.78 790.39
788.52 790.33
268.58 817.79
295.76 817.80
322.99 817.77
350.18 817.81
377.97 817.78
405.20 817.79
432.38 817.76
459.68 817.75
487.42 817.78
514.71 817.76
541.81 817.75
569.58 817.76
596.86 817.74
624.08 817.69
651.37 817.69
679.12 817.68
706.37 817.69
733.59 817.70
760.79 817.68
323.05 845.04
350.20 845.05
378.00 845.04
405.26 845.01
432.40 845.04
459.68 845.02
487.44 844.99
514.77 844.97
541.81 844.97
569.64 845.02
596.85 845.01
624.10 844.96
651.36 844.98
679.14 844.98
706.40 844.94
377.99 872.88
405.21 872.87
432.40 872.87
459.71 872.85
487.45 872.88
514.74 872.85
541.79 872.87
569.65 872.86
596.88 872.89
624.10 872.80
651.38 872.82
459.72 900.14
487.49 900.11
514.76 900.09
541.80 900.07
569.57 900.07
