458.97 131.88
486.68 131.86
513.97 131.87
541.57 131.83
568.92 131.82
376.74 159.53
403.98 159.51
431.69 159.48
459.01 159.49
486.70 159.49
513.96 159.11
541.58 159.09
568.92 159.10
596.63 159.06
623.90 159.06
651.18 159.03
321.77 186.79
349.05 186.79
376.75 186.79
404.01 186.78
431.70 186.78
459.00 186.74
486.75 186.82
513.96 186.73
541.62 186.69
568.94 186.70
596.59 186.70
623.88 186.67
651.18 186.69
678.90 186.65
706.20 186.65
266.85 214.50
294.55 214.50
321.80 214.07
349.06 214.08
376.73 214.05
404.01 214.06
431.71 214.04
459.01 214.04
486.71 214.03
513.99 214.04
541.59 213.99
568.92 214.02
596.61 213.98
623.92 213.98
651.21 213.96
678.91 213.94
706.19 213.92
733.86 213.93
761.15 213.89
239.51 241.75
266.85 241.76
294.55 241.76
321.80 241.73
349.07 241.74
376.76 241.71
404.03 241.72
431.72 241.71
459.02 241.69
486.72 241.70
514.02 241.63
541.62 241.68
568.95 241.65
596.61 241.63
623.92 241.61
651.22 241.59
678.91 241.58
706.21 241.59
733.86 241.55
761.16 241.53
788.86 241.56
211.86 269.03
239.56 269.02
266.87 269.02
294.56 269.01
321.84 269.01
349.06 269.00
376.77 269.01
404.05 269.01
431.71 268.98
459.06 268.96
486.73 268.94
514.01 268.97
541.63 268.97
568.97 268.93
596.63 268.92
623.93 268.90
651.21 268.91
678.92 268.89
706.23 268.85
733.90 268.84
761.18 268.84
788.87 268.82
816.14 268.81
211.87 296.76
239.59 296.74
266.87 296.72
294.59 296.71
321.83 296.71
349.09 296.68
376.77 296.67
404.04 296.67
431.72 296.67
459.04 296.65
486.73 296.60
514.06 296.64
541.65 296.60
568.99 296.61
596.66 296.61
623.94 296.58
651.22 296.56
678.94 296.53
706.24 296.56
733.92 296.53
761.21 296.51
788.86 296.13
816.14 296.52
184.60 324.08
211.85 324.07
239.55 324.07
266.86 324.06
294.55 324.01
321.85 324.01
349.06 324.03
376.75 324.04
404.09 324.00
431.71 324.01
459.07 323.98
486.76 323.98
514.03 323.98
541.64 323.97
568.97 323.98
596.63 323.95
623.94 323.94
651.24 323.94
678.94 323.95
706.22 323.91
733.96 323.83
761.19 323.92
788.84 323.91
816.18 323.86
843.43 323.85
184.62 351.74
211.92 351.73
239.58 351.71
266.89 351.72
294.58 351.68
321.87 351.66
349.08 351.68
376.79 351.64
404.07 351.64
431.76 351.63
459.06 351.61
486.75 351.59
514.06 351.59
541.66 351.57
568.98 351.55
596.67 351.57
623.97 351.52
651.26 351.54
678.92 351.51
706.25 351.51
733.92 351.53
761.19 351.12
788.89 351.49
816.18 351.10
843.43 351.05
156.97 379.07
184.66 379.03
211.89 379.05
239.57 379.01
266.94 379.04
294.60 379.04
321.86 379.03
349.52 379.00
376.79 378.99
404.08 378.98
431.80 378.95
459.06 378.95
486.77 378.96
514.07 378.95
541.67 378.94
569.01 378.95
596.70 378.91
623.98 378.90
651.29 378.80
678.96 378.87
706.27 378.85
733.94 378.86
761.22 378.85
788.94 378.81
816.18 378.81
843.89 378.81
871.15 378.81
156.97 406.79
184.64 406.79
211.93 406.76
239.59 406.75
266.92 406.74
294.61 406.72
321.86 406.71
349.11 406.70
376.81 406.68
404.09 406.69
431.77 406.67
459.10 406.66
486.77 406.64
514.06 406.62
541.67 406.62
569.00 406.59
596.67 406.61
623.98 406.59
651.30 406.59
678.98 406.57
706.28 406.54
733.93 406.57
761.22 406.53
788.86 406.51
816.20 406.17
843.48 406.15
871.16 406.11
156.98 434.05
184.67 434.06
211.93 434.02
239.57 434.03
266.89 434.01
294.62 433.99
321.87 433.98
349.52 433.98
376.85 433.97
404.08 433.97
431.80 433.97
459.09 433.96
486.81 433.93
514.09 433.92
541.71 433.93
569.05 433.93
596.71 433.89
624.01 433.90
651.31 433.87
679.00 433.87
706.30 433.85
733.94 433.85
761.22 433.85
788.93 433.82
816.22 433.80
843.90 433.81
871.18 433.80
129.75 461.72
157.02 461.70
184.67 461.72
211.94 461.68
239.63 461.70
266.91 461.69
294.64 461.69
321.90 461.64
349.54 461.61
376.87 461.66
404.11 461.61
431.82 461.60
459.11 461.61
486.83 461.59
514.53 461.58
541.70 461.57
569.03 461.54
596.72 461.53
623.99 461.53
651.30 461.51
679.01 461.16
706.33 461.51
733.97 461.14
761.27 461.13
788.92 461.11
816.21 461.10
843.89 461.08
871.20 461.09
898.48 461.07
129.75 489.01
157.01 489.00
184.64 488.96
211.96 488.99
239.60 488.92
266.93 488.93
294.64 488.94
321.92 488.96
349.54 488.91
376.84 488.91
404.52 488.89
431.78 488.89
459.53 488.90
486.81 488.87
514.09 488.88
541.72 488.83
569.06 488.83
596.72 488.85
624.01 488.82
651.32 488.79
679.01 488.78
706.31 488.76
733.99 488.78
761.26 488.75
788.96 488.74
816.22 488.72
843.91 488.72
871.21 488.69
898.89 488.70
129.73 516.65
157.02 516.63
184.63 516.23
211.95 516.61
239.62 516.62
266.94 516.61
294.64 516.61
321.93 516.59
349.52 516.56
376.85 516.59
404.55 516.55
431.81 516.56
459.53 516.53
486.82 516.52
514.12 516.52
541.71 516.51
569.07 516.11
596.71 516.09
624.03 516.09
651.34 516.07
679.02 516.09
706.34 516.05
733.97 516.05
761.28 516.06
788.95 516.03
816.22 516.03
843.92 516.03
871.23 516.00
898.53 516.01
129.76 543.92
157.02 543.92
184.68 543.92
211.96 543.90
239.66 543.91
266.96 543.89
294.66 543.91
321.91 543.85
349.57 543.84
376.87 543.83
404.52 543.83
431.79 543.81
459.54 543.81
486.85 543.77
514.11 543.75
541.75 543.75
569.06 543.73
596.75 543.76
624.05 543.73
651.33 543.74
679.04 543.74
706.31 543.73
734.00 543.71
761.28 543.69
788.96 543.69
816.24 543.66
843.94 543.67
871.23 543.65
898.92 543.63
129.73 571.66
157.01 571.63
184.70 571.64
211.98 571.62
239.67 571.63
266.97 571.61
294.68 571.61
321.90 571.59
349.58 571.58
376.88 571.58
404.56 571.58
431.85 571.58
459.54 571.55
486.85 571.54
514.54 571.15
541.75 571.13
569.06 571.14
596.74 571.11
624.10 571.09
651.36 571.08
679.03 571.07
706.36 571.06
734.01 571.04
761.32 571.02
788.95 571.02
816.24 571.00
843.93 571.03
871.23 570.99
898.94 571.00
157.05 598.93
184.70 598.91
211.97 598.92
239.66 598.90
266.98 598.89
294.68 598.88
321.95 598.88
349.56 598.88
376.88 598.85
404.57 598.85
431.84 598.84
459.55 598.81
486.87 598.82
514.54 598.81
541.76 598.81
569.09 598.80
596.72 598.79
624.09 598.79
651.37 598.78
679.04 598.76
706.34 598.74
734.02 598.74
761.32 598.73
788.97 598.71
816.26 598.71
843.96 598.67
871.25 598.68
157.05 626.27
184.86 626.35
212.00 626.24
239.68 626.21
266.97 626.20
294.73 626.21
321.95 626.17
349.59 626.18
376.91 626.16
404.65 626.14
431.85 626.16
459.58 626.15
486.88 626.16
514.55 626.15
541.80 626.14
569.52 626.13
596.76 626.11
624.09 626.09
651.32 626.13
679.09 626.08
706.17 625.61
734.04 626.06
761.30 626.04
788.99 626.02
816.28 626.00
843.96 626.00
871.24 626.00
157.04 653.97
184.80 653.86
211.97 653.90
239.70 653.90
266.98 653.89
294.72 653.89
321.95 653.48
349.61 653.47
376.91 653.87
404.62 653.86
431.85 653.42
459.59 653.45
486.90 653.45
514.55 653.42
541.80 653.41
569.12 653.41
596.77 653.40
624.09 653.39
651.37 653.38
679.09 653.34
706.38 653.35
734.01 653.35
761.35 653.32
788.98 653.32
816.26 653.31
843.98 653.32
871.28 653.30
184.70 681.19
212.03 681.15
239.69 681.16
267.00 681.16
294.74 681.14
321.99 681.15
349.64 681.19
376.92 681.11
404.60 681.11
431.86 681.10
459.58 681.09
486.88 681.07
514.55 681.13
541.81 681.06
569.53 681.05
596.82 681.06
624.11 681.03
651.38 681.01
679.10 681.01
706.37 681.01
734.04 680.99
761.34 680.99
789.01 680.95
816.28 680.94
844.00 680.94
184.73 708.86
212.03 708.86
239.69 708.46
266.98 708.45
294.72 708.45
321.96 708.45
349.60 708.45
376.93 708.44
404.60 708.41
431.87 708.42
459.60 708.41
486.91 708.38
514.58 708.38
541.80 708.38
569.52 708.36
596.80 708.34
624.10 708.37
651.44 708.36
679.10 708.31
706.39 708.32
734.08 708.33
761.34 708.29
789.04 708.28
816.30 708.27
844.03 708.26
212.04 736.18
239.66 736.16
267.02 736.13
294.74 736.12
321.99 736.13
349.65 736.11
376.93 736.10
404.63 736.10
431.88 736.08
459.61 736.08
486.90 736.08
514.58 736.05
541.81 736.04
569.54 736.04
596.81 736.02
624.13 735.98
651.40 735.99
679.12 736.00
706.47 736.05
734.09 735.97
761.35 735.93
789.06 735.95
816.29 735.93
212.05 763.42
239.74 763.41
267.04 763.41
294.77 763.41
321.98 763.36
349.66 763.35
376.94 763.36
404.63 763.37
431.90 763.34
459.64 763.34
486.92 763.34
514.64 763.32
541.80 763.31
569.57 763.29
596.84 763.33
624.14 763.30
651.42 763.30
679.10 763.27
706.42 763.26
734.08 763.26
761.39 763.22
789.05 763.25
816.33 763.21
239.72 791.06
267.04 791.04
294.75 791.03
322.00 791.03
349.66 791.01
376.98 791.01
404.66 791.00
431.93 790.98
459.65 790.98
486.92 790.97
514.62 790.97
541.83 790.94
569.55 790.95
596.83 790.93
624.15 790.92
651.43 790.92
679.16 790.92
706.42 790.92
734.11 790.89
761.34 790.90
789.05 790.48
267.05 818.38
294.74 818.36
322.01 818.34
349.68 818.35
376.99 818.34
404.67 818.30
431.91 818.30
459.63 818.30
486.92 818.34
514.62 818.30
541.83 818.29
569.57 818.28
596.86 818.27
624.15 818.26
651.44 818.27
679.15 818.27
706.43 818.23
734.11 818.24
761.38 818.23
322.02 846.04
349.71 846.04
377.00 846.02
404.65 846.01
431.92 846.01
459.64 845.98
486.95 846.01
514.63 845.95
541.83 845.96
569.58 845.95
596.85 845.95
624.16 845.94
651.84 845.93
679.16 845.93
706.45 845.92
377.00 873.35
404.68 873.35
431.95 873.34
459.67 873.33
486.94 873.36
514.65 873.32
541.84 873.31
569.61 873.30
596.91 873.40
624.16 873.29
651.46 873.26
459.68 901.11
486.96 901.08
514.68 901.04
541.85 901.01
569.61 901.00
