458.95 131.98
486.74 132.00
514.02 132.00
541.58 131.99
568.88 131.94
376.77 159.72
404.02 159.70
431.73 159.69
458.97 159.71
486.79 159.70
514.01 159.69
541.60 159.65
568.86 159.65
596.65 159.61
623.88 159.61
651.15 159.63
321.84 186.85
349.55 186.88
376.79 186.87
404.02 186.84
431.77 186.88
459.01 186.84
486.80 186.86
514.01 186.83
541.62 186.82
568.88 186.77
596.67 186.79
623.88 186.80
651.17 186.78
678.92 186.78
706.18 186.73
266.89 214.65
294.61 214.61
321.86 214.63
349.54 214.60
376.77 214.09
404.54 214.10
431.75 214.09
459.01 214.08
486.75 214.08
514.00 214.07
541.61 214.10
568.87 214.05
596.62 214.04
623.91 214.02
651.15 214.02
678.92 213.99
706.20 213.98
733.42 213.97
761.12 213.95
239.58 241.77
266.94 241.78
294.64 241.81
321.84 241.74
349.56 241.74
376.79 241.72
404.54 241.73
431.76 241.74
458.99 241.73
486.78 241.68
514.01 241.68
541.60 241.69
568.90 241.67
596.66 241.69
623.88 241.67
651.17 241.64
678.94 241.62
706.21 241.62
733.39 241.60
761.14 241.63
788.36 241.62
211.88 269.03
239.63 269.00
266.93 269.00
294.65 269.02
321.88 268.99
349.55 269.00
376.80 268.98
404.54 268.96
431.77 269.00
459.52 268.94
486.78 268.97
514.04 268.99
541.62 268.97
568.91 268.97
596.67 268.94
623.92 268.92
651.17 268.95
678.94 268.90
706.19 268.87
733.41 268.87
761.14 268.90
788.36 268.86
816.07 268.83
211.89 296.75
239.62 296.75
266.91 296.74
294.67 296.72
321.89 296.70
349.56 296.68
376.82 296.65
404.57 296.69
431.77 296.67
459.54 296.65
486.81 296.60
514.56 296.63
541.60 296.60
568.88 296.60
596.67 296.62
623.89 296.59
651.19 296.60
678.95 296.56
706.20 296.59
733.47 296.53
761.16 296.58
788.38 296.06
816.09 296.07
184.67 324.02
211.83 324.07
239.63 324.06
266.91 324.00
294.61 324.02
321.86 323.97
349.56 323.99
376.79 324.00
404.55 324.02
431.76 323.98
459.06 323.95
486.76 323.96
514.04 323.94
541.62 323.98
568.91 323.96
596.64 323.92
623.93 323.96
651.18 323.92
678.97 323.94
706.21 323.92
733.47 323.85
761.14 323.96
788.37 323.93
816.13 323.89
843.32 323.86
184.70 351.70
211.92 351.73
239.64 351.71
266.92 351.68
294.67 351.69
321.89 351.68
349.56 351.67
376.84 351.64
404.57 351.66
431.76 351.64
459.01 351.65
486.81 351.64
514.60 351.59
541.63 351.09
568.91 351.56
596.70 351.08
623.96 351.06
651.20 351.62
678.95 351.56
706.25 351.57
733.44 351.57
761.16 351.03
788.39 351.51
816.13 351.02
843.37 351.03
156.99 379.58
184.70 379.52
211.91 379.56
239.61 379.53
266.97 379.52
294.67 379.49
321.90 379.51
349.59 379.51
376.84 378.98
404.57 378.98
431.80 378.99
459.58 378.97
486.82 378.99
514.59 378.99
541.65 378.98
568.95 378.98
596.70 378.97
623.96 378.95
651.21 378.88
678.95 378.90
706.30 378.90
733.46 378.88
761.18 378.89
788.42 378.85
816.13 378.86
843.40 378.88
871.09 378.85
156.97 406.87
184.73 406.92
211.93 406.88
239.69 406.88
267.00 406.84
294.68 406.85
321.93 406.80
349.58 406.80
376.85 406.81
404.59 406.81
431.80 406.78
459.59 406.72
486.80 406.77
514.54 406.73
541.64 406.76
568.93 406.71
596.70 406.72
623.95 406.74
651.24 406.73
678.94 406.70
706.26 406.69
733.44 406.68
761.17 406.66
788.40 406.66
816.16 406.65
843.39 406.64
871.14 406.64
157.00 434.55
184.73 434.06
211.94 434.05
239.68 434.02
266.96 434.02
294.68 434.00
321.92 434.01
349.61 434.00
376.86 433.99
404.59 433.95
431.81 433.95
459.55 433.95
486.87 433.93
514.58 433.95
541.69 433.96
568.98 433.94
596.71 433.93
623.96 433.90
651.24 433.89
678.98 433.87
706.29 433.92
733.45 433.89
761.18 433.86
788.42 433.84
816.13 433.84
843.44 433.86
871.11 433.81
129.80 461.76
157.01 461.81
184.72 461.76
211.91 461.73
239.71 461.76
266.97 461.76
294.72 461.75
321.93 461.74
349.62 461.69
376.89 461.69
404.59 461.68
431.86 461.70
459.57 461.67
486.83 461.67
514.61 461.68
541.70 461.62
568.98 461.63
596.73 461.63
623.97 461.63
651.25 461.62
678.99 461.62
706.28 461.60
733.98 461.63
761.21 461.58
788.42 461.57
816.19 461.08
843.43 461.10
871.13 461.08
898.42 461.07
129.86 488.97
156.98 488.99
184.74 488.95
211.95 488.94
239.68 488.92
266.98 488.95
294.72 488.90
321.93 488.91
349.59 488.90
376.87 488.90
404.61 488.87
431.81 488.90
459.57 488.89
486.87 488.87
514.58 488.87
541.70 488.88
568.96 488.84
596.74 488.84
623.99 488.84
651.22 488.80
679.00 488.81
706.26 488.78
733.44 488.78
761.18 488.79
788.44 488.77
816.16 488.75
843.43 488.78
871.13 488.74
898.44 488.74
129.82 516.66
157.52 516.63
184.71 516.64
211.94 516.63
239.68 516.60
266.98 516.62
294.72 516.63
321.93 516.62
349.60 516.61
376.90 516.61
404.63 516.56
431.85 516.60
459.58 516.54
486.86 516.05
514.59 516.55
541.71 516.06
568.99 516.05
596.71 516.03
623.98 516.02
651.25 515.98
679.03 516.01
706.30 516.01
733.97 515.99
761.22 515.97
788.44 515.98
816.18 515.96
843.44 515.97
871.15 515.96
898.43 515.94
129.85 543.84
157.01 543.87
184.71 543.84
211.96 543.83
239.70 543.80
267.01 543.83
294.71 543.81
321.93 543.77
349.61 543.77
376.88 543.73
404.60 543.75
431.84 543.73
459.61 543.71
486.89 543.68
514.66 543.66
541.69 543.63
568.99 543.68
596.79 543.67
624.03 543.68
651.27 543.69
679.05 543.70
706.31 543.68
734.00 543.69
761.23 543.66
788.43 543.67
816.17 543.63
843.45 543.63
871.15 543.61
898.44 543.62
129.85 571.72
157.51 571.72
184.74 571.68
211.99 571.69
239.72 571.67
267.00 571.68
294.75 571.65
321.97 571.64
349.63 571.64
376.86 571.65
404.64 571.64
431.84 571.66
459.62 571.64
486.87 571.62
514.65 571.64
541.72 571.62
569.01 571.59
596.77 571.59
624.05 571.57
651.28 571.59
679.05 571.53
706.32 571.57
734.03 571.54
761.22 571.54
788.44 571.03
816.20 571.01
843.48 571.52
871.17 570.97
898.47 570.97
157.04 598.92
184.75 598.88
211.98 598.88
239.74 598.85
267.00 598.88
294.74 598.83
321.93 598.85
349.63 598.83
376.90 598.82
404.62 598.83
431.86 598.81
459.60 598.77
486.89 598.80
514.67 598.78
541.72 598.79
569.02 598.76
596.73 598.77
624.03 598.76
651.30 598.78
679.05 598.76
706.31 598.76
734.04 598.75
761.25 598.74
788.46 598.75
816.19 598.75
843.47 598.72
871.20 598.71
157.56 626.26
184.87 626.38
211.99 626.27
239.72 626.23
266.99 626.21
294.74 626.25
321.95 626.20
349.65 626.20
376.88 626.19
404.71 626.19
431.85 626.18
459.62 626.18
486.89 626.21
514.61 626.15
541.72 626.18
569.01 626.17
596.74 626.15
624.08 626.12
651.28 626.16
679.12 626.12
706.12 625.87
734.00 626.09
761.25 626.07
789.00 626.04
816.21 626.06
843.97 626.05
871.19 626.02
157.53 653.99
184.80 653.39
211.98 653.43
239.74 653.47
267.00 653.42
294.77 653.41
321.98 653.42
349.69 653.40
376.93 653.45
404.69 653.43
431.87 653.39
459.66 653.42
486.94 653.41
514.66 653.39
541.78 653.37
569.01 653.35
596.77 653.38
624.05 653.37
651.28 653.33
679.12 653.28
706.33 653.30
734.02 653.32
761.28 653.30
788.99 653.31
816.20 653.28
843.98 653.27
871.20 653.30
184.71 681.15
211.97 681.16
239.77 681.19
267.03 681.18
294.79 681.16
321.98 681.17
349.71 681.18
376.94 681.14
404.68 681.12
431.89 681.11
459.68 681.12
486.92 681.10
514.62 681.15
541.79 681.07
569.57 681.07
596.80 681.09
624.06 681.05
651.32 681.07
679.11 681.06
706.32 681.05
734.03 681.05
761.29 681.02
788.99 681.03
816.20 680.98
844.00 680.99
184.75 708.35
212.03 708.38
239.74 708.32
267.00 708.36
294.76 708.34
322.02 708.34
349.68 708.31
376.94 708.32
404.70 708.34
431.86 708.32
459.65 708.30
486.92 708.29
514.64 708.26
541.79 708.25
569.54 708.28
596.81 708.27
624.09 708.26
651.39 708.28
679.05 708.22
706.36 708.25
734.08 708.23
761.26 708.20
789.01 708.19
816.23 708.16
844.02 708.19
212.51 736.07
239.74 736.07
267.03 736.06
294.78 736.04
322.00 736.04
349.71 736.03
376.94 735.99
404.68 736.01
431.94 736.00
459.68 735.98
486.93 735.98
514.69 735.98
541.78 735.96
569.54 735.97
596.80 735.93
624.07 735.42
651.35 735.40
679.11 735.46
706.44 735.96
734.05 735.43
761.31 735.41
789.01 735.38
816.26 735.40
211.99 763.29
239.76 763.29
267.54 763.27
294.79 763.27
322.00 763.24
349.70 763.22
376.94 763.21
404.72 763.26
431.90 763.21
459.67 763.24
486.93 763.21
514.74 763.21
541.77 763.20
569.57 763.21
596.82 763.23
624.09 763.17
651.31 763.19
679.12 763.17
706.39 763.15
734.09 763.16
761.30 763.14
789.03 763.16
816.25 763.15
239.75 790.99
267.56 790.98
294.81 791.00
321.99 791.00
349.75 790.47
376.97 790.94
404.70 790.43
431.92 790.43
459.66 790.43
486.93 790.40
514.73 790.42
541.79 790.39
569.55 790.42
596.82 790.42
624.08 790.39
651.34 790.37
679.11 790.38
706.38 790.39
734.08 790.38
761.27 790.41
789.03 790.35
267.56 818.25
294.79 818.22
322.01 818.22
349.74 818.24
376.97 818.23
404.72 818.23
431.91 818.18
459.68 818.19
486.94 818.23
514.70 818.18
541.82 818.17
569.55 818.17
596.86 818.18
624.14 818.16
651.37 818.15
679.14 818.12
706.39 818.15
734.09 818.15
761.31 818.14
322.49 845.91
349.72 845.91
376.98 845.93
404.73 845.90
431.95 845.91
459.68 845.88
486.96 845.90
514.74 845.39
541.80 845.37
569.63 845.88
596.85 845.38
624.12 845.37
651.36 845.36
679.13 845.36
706.39 845.36
376.99 873.25
404.72 873.30
431.94 873.28
459.73 873.28
486.99 873.32
514.74 873.28
541.81 873.27
569.63 873.26
596.89 873.35
624.11 873.24
651.38 873.21
459.75 901.10
487.00 901.10
514.75 901.07
541.80 901.02
569.59 901.00
