458.97 132.22
486.67 132.20
513.95 132.24
541.55 132.18
568.90 132.17
376.74 159.53
404.41 159.50
431.69 159.50
459.00 159.51
486.69 159.50
513.97 159.46
541.58 159.44
568.91 159.43
596.61 159.45
623.88 159.40
651.18 159.40
321.76 187.18
349.43 187.19
376.72 187.18
404.39 187.15
431.68 187.17
459.01 187.12
486.72 187.16
513.97 187.11
541.60 187.08
568.92 187.07
596.62 187.09
623.91 187.05
651.21 187.04
678.89 187.01
706.22 187.03
266.83 214.51
294.52 214.51
321.80 214.49
349.43 214.46
376.72 214.46
404.42 214.44
431.69 214.43
459.01 214.42
486.70 214.42
513.96 214.42
541.59 214.39
568.92 214.38
596.61 214.35
623.91 214.35
651.20 214.36
678.89 214.33
706.19 214.29
733.89 214.32
761.17 214.27
239.53 241.77
267.22 241.77
294.55 241.78
321.80 241.75
349.45 241.76
376.74 241.73
404.40 241.73
431.74 241.71
459.01 241.72
486.72 241.70
513.99 241.67
541.60 241.67
568.94 241.66
596.62 241.66
623.92 241.62
651.21 241.62
678.90 241.60
706.22 241.61
733.87 241.57
761.18 241.58
788.84 241.60
211.86 269.41
239.54 269.39
267.23 269.41
294.55 269.38
321.82 269.36
349.44 269.37
376.77 269.36
404.42 269.36
431.73 269.33
459.05 269.34
486.72 269.33
514.01 269.33
541.64 269.33
568.95 269.30
596.61 269.28
623.93 269.25
651.21 269.23
678.91 269.23
706.22 269.23
733.88 269.21
761.16 269.20
788.88 269.19
816.12 269.15
211.84 296.78
239.59 296.76
267.25 296.72
294.57 296.72
321.82 296.70
349.50 296.69
376.77 296.68
404.44 296.66
431.72 296.66
459.02 296.64
486.74 296.62
514.04 296.61
541.61 296.60
568.97 296.59
596.64 296.60
623.91 296.59
651.21 296.56
678.92 296.53
706.23 296.56
733.89 296.52
761.20 296.52
788.86 296.49
816.13 296.50
184.60 324.03
211.83 324.04
239.52 324.43
267.23 324.42
294.54 324.01
321.82 324.38
349.45 324.38
376.74 324.40
404.46 324.34
431.72 324.34
459.05 324.33
486.73 324.32
514.02 324.33
541.61 324.29
568.96 324.28
596.61 324.30
623.93 324.28
651.24 324.25
678.93 324.26
706.21 324.24
733.97 323.79
761.18 324.26
788.85 324.27
816.18 323.84
843.43 323.80
184.62 351.73
212.25 351.73
239.59 351.71
267.27 351.73
294.57 351.70
321.83 351.69
349.47 351.69
376.80 351.67
404.45 351.66
431.75 351.65
459.05 351.64
486.75 351.62
514.06 351.59
541.65 351.60
568.98 351.56
596.65 351.54
623.96 351.55
651.24 351.56
678.91 351.53
706.25 351.53
733.93 351.55
761.18 351.50
788.89 351.52
816.18 351.50
843.45 351.43
157.38 379.45
184.66 379.05
212.26 379.05
239.57 379.42
267.29 379.41
294.58 379.41
321.85 379.40
349.51 379.40
376.80 378.98
404.47 379.36
431.76 379.34
459.06 379.33
486.76 379.33
514.06 379.32
541.65 379.31
569.01 379.29
596.67 379.27
623.95 379.25
651.29 379.18
678.94 379.24
706.29 379.21
733.93 378.85
761.20 378.83
788.91 378.81
816.16 378.81
843.50 378.81
871.15 378.79
157.37 406.78
184.65 406.79
212.31 406.76
239.61 406.78
267.31 406.74
294.59 406.71
321.84 406.68
349.49 406.70
376.80 406.69
404.48 406.69
431.75 406.67
459.12 406.63
486.77 406.64
514.05 406.62
541.67 406.62
569.02 406.60
596.68 406.58
623.98 406.58
651.30 406.57
678.97 406.55
706.27 406.53
733.90 406.56
761.20 406.53
788.87 406.53
816.20 406.50
843.49 406.45
871.17 406.47
157.35 434.03
184.67 434.02
212.31 433.98
239.59 433.99
267.27 433.97
294.60 434.00
322.27 433.95
349.52 433.94
377.23 433.94
404.48 433.92
431.80 433.92
459.10 433.93
486.78 433.89
514.07 433.88
541.69 433.91
569.03 433.87
596.70 433.88
624.00 433.84
651.29 433.84
678.98 433.81
706.31 433.83
733.95 433.80
761.20 433.78
788.92 433.80
816.18 433.76
843.53 433.77
871.16 433.77
129.74 461.72
157.39 461.69
184.66 461.71
212.30 461.67
239.64 461.67
267.31 461.69
294.62 461.67
322.26 461.63
349.53 461.62
377.25 461.63
404.49 461.61
431.79 461.58
459.48 461.58
486.83 461.58
514.51 461.57
541.71 461.56
569.02 461.52
596.71 461.53
623.98 461.53
651.31 461.51
678.99 461.14
706.31 461.51
733.97 461.50
761.27 461.13
788.91 461.09
816.22 461.09
843.52 461.07
871.20 461.05
898.45 461.06
129.76 489.00
157.40 489.00
184.67 488.94
212.33 488.97
239.60 488.92
267.31 488.92
294.66 488.92
322.28 488.91
349.52 488.90
377.21 488.90
404.51 488.89
431.80 488.88
459.51 488.86
486.82 488.88
514.07 488.85
541.69 488.83
569.04 488.82
596.71 488.82
624.02 488.79
651.32 488.79
678.99 488.79
706.31 488.78
733.95 488.77
761.25 488.72
788.94 488.72
816.21 488.71
843.53 488.71
871.19 488.70
898.50 488.68
129.71 516.65
157.40 516.63
184.64 516.22
212.31 516.62
239.63 516.63
267.31 516.59
294.64 516.61
322.28 516.59
349.53 516.58
377.22 516.55
404.54 516.56
431.80 516.53
459.52 516.50
486.82 516.53
514.49 516.52
541.69 516.51
569.05 516.12
596.69 516.08
623.99 516.07
651.32 516.06
678.99 516.07
706.33 516.05
733.97 516.05
761.24 516.03
788.93 516.01
816.24 516.03
843.56 516.00
871.21 515.99
898.49 516.01
129.76 543.92
157.42 543.91
184.68 543.92
212.35 543.90
239.66 543.88
267.35 543.88
294.67 543.88
322.30 543.85
349.54 543.84
377.28 543.83
404.53 543.84
431.79 543.80
459.55 543.78
486.86 543.76
514.10 543.76
541.72 543.76
569.05 543.72
596.73 543.74
624.03 543.72
651.30 543.71
679.04 543.73
706.31 543.71
734.00 543.71
761.25 543.68
788.91 543.68
816.23 543.67
843.57 543.66
871.21 543.65
898.52 543.62
129.73 571.62
157.42 571.61
184.68 571.61
212.38 571.60
239.66 571.60
267.34 571.59
294.68 571.56
322.33 571.58
349.57 571.56
377.27 571.55
404.56 571.56
431.83 571.54
459.52 571.53
486.84 571.52
514.53 571.49
541.74 571.49
569.06 571.48
596.75 571.08
624.07 571.07
651.33 571.06
679.04 571.05
706.35 571.05
734.01 571.03
761.28 571.02
788.94 571.00
816.24 570.98
843.56 571.00
871.21 570.99
898.54 570.97
157.43 598.92
184.71 598.90
212.35 598.89
239.68 598.89
267.36 598.88
294.67 598.85
322.33 598.85
349.57 598.87
377.27 598.85
404.55 598.83
431.82 598.83
459.54 598.80
486.86 598.79
514.53 598.79
541.76 598.78
569.09 598.76
596.72 598.78
624.06 598.74
651.36 598.75
679.04 598.72
706.34 598.73
734.03 598.70
761.31 598.70
788.96 598.69
816.25 598.69
843.56 598.67
871.23 598.65
157.43 626.26
185.25 626.37
212.39 626.25
239.67 626.23
267.37 626.22
294.70 626.21
322.31 626.20
349.58 626.20
377.30 626.18
404.65 626.15
431.86 626.15
459.57 626.16
486.88 626.15
514.53 626.14
541.77 626.14
569.51 626.12
596.75 626.11
624.09 626.08
651.32 626.14
679.08 626.10
706.16 625.63
734.03 626.04
761.30 626.06
788.98 626.00
816.26 626.02
843.58 626.03
871.23 625.99
157.46 653.93
185.17 653.86
212.36 653.86
239.69 653.89
267.37 653.87
294.71 653.85
322.34 653.48
349.60 653.45
377.31 653.86
404.61 653.86
431.86 653.39
459.58 653.43
486.88 653.42
514.56 653.40
541.79 653.39
569.47 653.37
596.76 653.39
624.07 653.37
651.37 653.35
679.07 653.31
706.35 653.34
734.02 653.34
761.32 653.30
788.99 653.29
816.27 653.26
843.62 653.26
871.28 653.28
184.73 681.17
212.39 681.14
239.69 681.13
267.39 681.15
294.71 681.14
322.34 681.13
349.64 681.15
377.28 681.10
404.59 681.09
431.84 681.10
459.61 681.07
486.87 681.07
514.52 681.13
541.80 681.06
569.54 681.05
596.80 681.06
624.09 681.00
651.38 680.99
679.07 681.00
706.36 681.00
734.04 680.97
761.34 680.98
789.01 680.95
816.28 680.95
843.59 680.93
185.10 708.80
212.43 708.82
239.65 708.45
267.38 708.43
294.72 708.43
322.34 708.41
349.62 708.40
377.32 708.40
404.60 708.40
431.85 708.40
459.60 708.36
486.89 708.37
514.56 708.35
541.80 708.33
569.53 708.34
596.79 708.33
624.08 708.33
651.42 708.31
679.09 708.28
706.38 708.28
734.07 708.29
761.33 708.28
789.01 708.25
816.30 708.23
843.64 708.24
212.43 736.11
239.69 736.13
267.40 736.09
294.71 736.09
322.36 736.08
349.64 736.07
377.33 736.05
404.63 736.04
431.89 736.04
459.61 736.03
486.91 736.02
514.58 736.01
541.81 736.00
569.54 736.01
596.81 735.96
624.12 735.95
651.42 735.94
679.13 735.95
706.47 736.00
734.08 735.93
761.34 735.89
789.04 735.90
816.29 735.89
212.45 763.40
239.73 763.36
267.41 763.40
294.74 763.37
322.38 763.34
349.61 763.32
377.33 763.32
404.61 763.36
431.91 763.30
459.60 763.30
486.90 763.30
514.63 763.29
541.78 763.31
569.55 763.27
596.82 763.30
624.14 763.26
651.40 763.26
679.09 763.22
706.42 763.24
734.08 763.22
761.37 763.21
789.04 763.22
816.32 763.20
239.70 791.03
267.42 791.01
294.73 790.97
322.37 791.00
349.63 790.96
377.38 790.97
404.63 790.96
431.92 790.94
459.62 790.93
486.90 790.92
514.60 790.92
541.81 790.90
569.55 790.92
596.82 790.90
624.13 790.87
651.43 790.87
679.16 790.86
706.40 790.85
734.09 790.83
761.35 790.83
789.04 790.45
267.42 818.35
294.74 818.34
322.38 818.35
349.67 818.34
377.36 818.33
404.67 818.32
431.89 818.27
459.63 818.28
486.91 818.31
514.59 818.28
541.83 818.26
569.55 818.28
596.86 818.26
624.13 818.25
651.44 818.24
679.14 818.23
706.43 818.21
734.09 818.22
761.36 818.20
322.38 845.61
349.65 845.63
377.38 845.64
404.63 845.61
431.93 845.62
459.64 845.57
486.92 845.58
514.62 845.57
541.83 845.55
569.56 845.56
596.85 845.54
624.16 845.54
651.82 845.53
679.15 845.54
706.44 845.51
377.39 873.33
404.68 873.29
431.95 873.31
459.67 873.28
486.93 873.29
514.64 873.27
541.82 873.26
569.58 873.25
596.91 873.37
624.16 873.23
651.44 873.23
459.67 900.70
486.98 900.67
514.64 900.63
541.86 900.59
569.57 900.59
