458.97 132.42
486.75 132.43
514.52 132.48
541.57 132.40
568.88 132.40
377.27 160.17
404.51 160.17
431.73 160.15
458.99 160.16
486.78 160.15
514.00 160.14
541.61 160.10
568.87 160.12
596.66 160.06
623.90 160.09
651.15 160.09
322.33 187.38
349.54 187.35
377.29 187.35
404.50 187.39
431.74 187.34
459.03 187.32
486.80 187.37
514.50 187.33
541.64 187.27
568.90 187.28
596.65 187.28
623.89 187.29
651.16 187.28
678.92 187.29
706.21 187.24
267.39 215.07
295.08 215.03
322.34 215.05
349.52 215.07
377.26 215.01
404.53 215.01
431.77 214.99
459.48 214.50
486.75 214.99
514.49 215.01
541.65 215.01
568.88 214.50
596.62 214.47
623.91 214.48
651.18 214.46
678.95 214.43
706.18 214.43
733.41 214.45
761.13 214.42
240.05 242.29
267.37 242.29
295.14 242.30
322.36 242.27
349.51 242.26
377.30 242.23
404.55 242.25
431.76 242.25
459.02 242.23
486.78 242.22
514.53 242.20
541.63 242.20
568.91 242.17
596.67 242.18
623.92 242.17
651.18 242.16
678.92 242.12
706.22 242.15
733.39 242.12
761.15 242.09
788.36 242.12
212.38 269.44
240.07 269.43
267.41 269.44
295.15 269.44
322.35 269.43
349.56 269.46
377.30 269.40
404.55 269.40
431.74 269.41
459.53 269.39
486.82 269.38
514.52 269.41
541.64 269.39
568.92 269.36
596.67 269.34
623.93 269.35
651.19 269.39
678.94 269.32
706.22 269.30
733.41 269.27
761.14 269.30
788.39 269.27
816.08 269.24
212.35 297.24
240.13 297.23
267.40 297.25
295.15 297.21
322.36 297.20
349.57 297.17
377.32 297.14
404.59 297.17
431.77 297.16
459.54 297.13
486.82 297.13
514.54 297.10
541.59 297.06
568.90 297.10
596.67 297.07
623.92 297.05
651.18 297.07
678.97 297.06
706.23 297.09
733.42 297.06
761.17 297.04
788.38 297.05
816.12 297.04
185.18 324.48
212.32 324.52
240.08 324.53
267.36 324.48
295.07 324.49
322.36 324.47
349.54 324.46
377.27 324.47
404.57 324.45
431.76 324.44
459.05 324.40
486.77 324.42
514.55 324.45
541.66 324.42
568.92 324.43
596.68 324.42
623.94 324.41
651.18 324.37
678.96 324.39
706.23 324.41
733.46 324.35
761.17 324.43
788.37 324.40
816.15 324.34
843.35 324.33
185.20 351.71
212.41 351.70
240.08 351.66
267.38 351.64
295.12 351.64
322.37 351.63
349.57 351.66
377.29 351.61
404.58 351.61
431.78 351.61
459.02 351.61
486.81 351.57
514.63 351.54
541.63 351.49
568.94 351.54
596.69 351.50
623.95 351.49
651.23 351.57
678.93 351.51
706.26 351.56
733.44 351.51
761.18 351.45
788.39 351.51
816.14 351.47
843.39 351.48
157.99 379.59
185.20 379.54
212.40 379.59
240.13 379.56
267.46 379.56
295.15 379.54
322.38 379.53
349.61 379.54
377.31 379.50
404.57 379.52
431.81 379.51
459.59 379.50
486.80 379.51
514.59 379.51
541.67 379.50
568.96 379.47
596.70 379.48
623.97 379.45
651.24 379.39
678.97 379.42
706.28 379.42
733.46 379.44
761.19 379.42
788.43 379.39
816.14 379.40
843.42 379.38
871.12 379.37
157.44 406.91
185.20 406.94
212.41 406.88
240.15 406.90
267.49 406.85
295.16 406.86
322.43 406.82
349.59 406.81
377.32 406.83
404.57 406.85
431.80 406.82
459.57 406.75
486.84 406.79
514.55 406.75
541.66 406.76
568.96 406.72
596.71 406.75
623.97 406.75
651.24 406.75
678.95 406.72
706.27 406.72
733.43 406.72
761.15 406.72
788.42 406.68
816.15 406.68
843.42 406.65
871.12 406.63
157.50 434.53
185.23 434.50
212.41 434.45
240.17 434.48
267.91 433.97
295.16 433.94
322.41 433.97
349.62 433.96
377.35 433.94
404.58 433.92
431.85 433.92
459.56 433.94
486.89 433.91
514.58 433.90
541.69 433.93
568.98 433.91
596.73 433.90
623.97 433.88
651.27 433.83
679.00 433.81
706.29 433.85
733.47 433.84
761.18 433.82
788.45 433.81
816.17 433.80
843.44 433.83
871.13 433.80
130.30 461.74
158.00 461.72
185.24 461.74
212.42 461.71
240.16 461.72
267.93 461.71
295.19 461.71
322.38 461.70
349.61 461.67
377.39 461.65
404.60 461.66
431.85 461.65
459.59 461.64
486.86 461.65
514.66 461.63
541.73 461.61
569.00 461.58
596.73 461.59
623.96 461.62
651.27 461.58
679.02 461.60
706.30 461.59
733.50 461.61
761.25 461.58
788.42 461.54
816.19 461.50
843.44 461.54
871.15 461.54
898.43 461.52
130.36 488.93
158.01 488.92
185.23 488.90
212.45 488.88
240.14 488.88
267.92 488.88
295.19 488.86
322.41 488.88
349.62 488.85
377.39 488.83
404.60 488.82
431.80 488.83
459.61 488.82
486.86 488.80
514.58 488.80
541.71 488.84
568.99 488.80
596.72 488.79
624.01 488.78
651.25 488.76
679.01 488.76
706.27 488.75
733.48 488.74
761.22 488.73
788.44 488.72
816.19 488.69
843.44 488.69
871.15 488.71
898.47 488.70
130.33 516.62
158.02 516.57
185.21 516.58
212.44 516.56
240.13 516.54
267.94 516.57
295.19 516.53
322.41 516.54
349.61 516.53
377.41 516.53
404.64 516.51
431.85 516.55
459.59 516.53
486.88 516.50
514.62 516.52
541.70 516.48
569.00 516.47
596.73 516.44
623.98 516.45
651.29 516.44
679.05 516.42
706.30 516.42
734.01 516.43
761.23 516.42
788.45 516.43
816.18 516.41
843.45 516.41
871.18 515.94
898.47 515.93
130.36 543.88
158.00 543.89
185.24 543.90
212.95 543.85
240.14 543.83
267.97 543.83
295.16 543.85
322.45 543.81
349.64 543.79
377.37 543.79
404.60 543.80
431.85 543.76
459.62 543.74
486.89 543.72
514.64 543.71
541.70 543.65
568.99 543.70
596.77 543.68
624.04 543.72
651.27 543.71
679.07 543.72
706.33 543.72
734.02 543.70
761.25 543.69
788.44 543.70
816.18 543.66
843.45 543.66
871.16 543.64
898.46 543.64
130.36 571.73
158.03 571.75
185.25 571.74
212.96 571.71
240.17 571.73
267.49 571.72
295.18 571.68
322.45 571.69
349.66 571.68
377.38 571.69
404.64 571.69
431.88 571.69
459.62 571.70
486.88 571.69
514.64 571.68
541.74 571.65
569.03 571.63
596.77 571.64
624.07 571.61
651.27 571.63
679.07 571.60
706.34 571.60
733.51 571.56
761.22 571.57
788.45 571.53
816.18 571.06
843.47 571.53
871.18 571.02
898.47 571.04
158.04 598.92
185.23 598.91
212.46 598.87
240.17 598.86
267.98 598.85
295.21 598.86
322.44 598.85
349.65 598.83
377.41 598.84
404.64 598.82
431.89 598.81
459.64 598.78
486.91 598.80
514.65 598.78
541.76 598.78
569.03 598.80
596.75 598.78
624.05 598.77
651.31 598.75
679.07 598.78
706.33 598.75
734.04 598.75
761.26 598.76
788.46 598.73
816.21 598.73
843.48 598.73
871.19 598.71
158.05 626.28
185.95 626.38
212.98 626.26
240.21 626.23
267.95 626.24
295.23 626.25
322.47 626.20
349.65 626.21
377.43 626.21
404.73 626.19
431.90 626.21
459.64 626.19
486.91 626.22
514.61 626.18
541.73 626.22
569.51 626.18
596.76 626.17
624.07 626.14
651.28 626.16
679.11 626.13
706.12 625.89
734.02 626.10
761.26 626.09
788.48 626.07
816.21 626.07
843.50 626.05
871.19 626.06
158.07 653.48
185.37 653.35
212.99 653.39
240.21 653.42
268.01 653.40
295.24 653.42
322.47 653.39
349.69 653.37
377.43 653.41
404.71 653.38
431.89 653.34
459.65 653.38
486.93 653.37
514.68 653.35
541.79 653.32
569.53 653.34
596.79 653.35
624.06 653.33
651.31 653.29
679.13 653.26
706.34 653.28
734.04 653.29
761.29 653.25
789.00 653.27
816.21 653.23
843.49 653.23
871.23 653.25
185.21 681.10
212.99 681.10
240.22 681.10
268.01 681.10
295.27 681.08
322.46 681.08
349.74 681.10
377.44 681.04
404.68 681.07
431.87 681.08
459.65 681.04
486.93 681.03
514.66 681.05
541.83 680.98
569.54 681.01
596.81 681.03
624.10 681.00
651.33 681.01
679.11 681.02
706.36 680.96
734.03 680.98
761.30 680.98
789.01 680.95
816.22 680.93
843.52 680.91
185.26 708.37
212.48 708.38
240.20 708.34
267.98 708.33
295.25 708.35
322.50 708.31
349.67 708.32
377.49 708.32
404.70 708.33
431.90 708.35
459.68 708.32
486.91 708.30
514.69 708.29
541.82 708.25
569.55 708.29
596.84 708.27
624.08 708.29
651.42 708.27
679.09 708.22
706.37 708.25
734.08 708.23
761.29 708.21
789.02 708.21
816.25 708.17
843.56 708.18
212.99 736.05
240.19 736.06
268.00 736.02
295.27 736.04
322.51 736.00
349.74 736.02
377.42 735.96
404.69 735.99
431.91 735.99
459.72 735.94
486.96 735.93
514.68 735.96
541.79 735.44
569.56 735.94
596.82 735.44
624.11 735.42
651.35 735.40
679.11 735.44
706.41 735.45
734.08 735.39
761.33 735.39
789.03 735.39
816.27 735.38
212.48 763.26
240.23 763.30
268.04 763.29
295.27 763.30
322.48 763.26
349.68 763.22
377.45 763.23
404.72 763.22
431.93 763.22
459.69 763.25
486.95 763.21
514.72 763.23
541.76 763.21
569.58 763.21
596.84 763.22
624.11 763.21
651.31 763.18
679.12 763.19
706.40 763.17
734.08 763.14
761.29 763.16
789.01 763.16
816.27 763.15
240.23 790.99
268.06 790.95
295.30 790.47
322.49 790.49
349.75 790.40
377.49 790.91
404.72 790.44
431.92 790.41
459.68 790.42
486.96 790.39
514.72 790.43
541.80 790.38
569.57 790.41
596.85 790.40
624.09 790.38
651.37 790.36
679.15 790.39
706.38 790.38
734.09 790.37
761.28 790.40
789.05 790.34
268.03 818.27
295.24 818.25
322.51 818.25
349.73 818.25
377.47 818.26
404.73 818.22
431.93 818.18
459.71 818.21
486.97 818.22
514.75 818.18
541.84 818.18
569.60 818.20
596.87 818.18
624.12 818.16
651.36 818.14
679.14 818.16
706.38 818.15
734.10 818.17
761.35 818.15
322.51 845.48
349.75 845.50
377.50 845.52
404.72 845.48
431.94 845.49
459.71 845.50
486.99 845.46
514.77 845.43
541.83 845.43
569.64 845.46
596.85 845.44
624.12 845.42
651.35 845.42
679.15 845.43
706.41 845.43
377.50 873.28
404.72 873.27
431.94 873.26
459.72 873.27
487.02 873.31
514.76 873.27
541.82 873.28
569.63 873.26
596.91 873.37
624.10 873.24
651.34 873.22
459.72 900.61
487.02 900.60
514.76 900.56
541.82 900.53
569.61 900.54
