460.00 135.00
488.00 135.00
514.99 135.01
541.99 135.01
570.00 135.00
379.00 162.01
406.01 162.01
433.01 162.01
460.00 162.01
488.01 162.01
514.98 162.00
542.00 162.01
570.00 162.01
597.00 162.00
624.00 162.01
651.00 162.01
324.00 190.01
351.00 190.00
379.00 190.00
406.00 190.00
433.00 190.00
460.00 190.00
488.01 190.00
514.99 190.00
541.99 190.00
570.00 190.00
596.99 190.00
623.99 189.99
651.00 189.99
679.00 190.00
705.99 190.00
270.01 217.00
297.00 217.00
324.00 217.00
350.99 217.00
379.00 217.00
406.00 217.00
433.00 217.00
460.00 216.99
488.00 216.99
514.99 217.00
541.99 217.00
569.99 217.00
597.00 216.99
624.00 217.00
651.00 216.99
679.00 217.00
705.99 216.99
732.99 216.99
760.00 216.99
242.00 244.00
270.01 244.00
297.00 244.00
324.00 244.00
351.00 244.00
379.00 244.01
406.00 244.00
433.00 244.01
460.00 244.00
488.00 244.00
514.99 244.00
542.00 244.01
570.00 244.01
596.99 244.00
624.00 244.01
651.00 244.00
679.01 244.01
705.99 244.00
733.00 244.00
759.99 244.00
787.99 244.00
215.01 272.01
242.01 272.01
270.01 272.01
297.01 272.01
323.99 272.01
351.00 272.01
379.00 272.00
406.00 272.00
433.01 272.00
459.99 272.00
488.00 272.01
514.99 272.00
542.00 272.00
570.00 272.00
597.00 272.00
624.00 272.00
651.00 272.00
679.00 272.01
705.99 272.00
733.00 272.01
759.99 272.00
787.99 272.00
815.00 272.00
215.01 299.02
242.01 299.01
270.01 299.00
297.00 299.01
324.00 299.01
351.00 299.01
379.00 299.01
406.00 299.02
433.00 299.01
459.99 299.01
488.00 299.01
514.99 299.02
541.99 299.02
570.00 299.01
597.00 299.01
624.00 299.01
650.99 299.00
679.00 299.01
706.00 299.01
732.99 299.00
760.00 299.01
787.99 299.01
815.00 299.01
188.00 326.02
215.00 326.02
242.01 326.01
270.01 326.01
297.00 326.00
323.99 326.01
350.99 326.02
379.00 326.01
406.00 326.01
433.00 326.01
460.00 326.01
488.00 326.01
514.99 326.01
541.99 326.01
570.00 326.01
597.00 326.01
623.99 326.01
651.00 326.01
679.01 326.01
705.99 326.01
732.99 326.01
759.99 326.01
787.99 326.01
815.00 326.01
842.00 326.00
187.99 353.00
215.01 353.00
242.01 353.00
270.01 353.00
297.00 353.00
324.00 353.00
351.00 353.00
379.00 353.01
406.01 353.01
433.00 353.00
459.99 353.00
488.00 353.01
514.99 353.00
541.99 353.01
569.99 353.00
596.99 353.01
623.99 353.00
651.00 353.01
679.00 353.00
705.99 353.00
732.99 353.00
759.99 353.00
787.99 353.00
815.00 353.00
842.00 353.00
160.00 381.01
188.00 381.01
215.00 381.01
242.01 381.01
270.01 381.01
297.00 381.00
324.00 381.00
351.00 381.01
379.00 381.00
406.01 381.00
433.00 381.00
459.99 381.01
488.00 381.01
514.99 381.01
541.99 381.01
570.00 381.00
596.99 381.00
624.00 381.01
650.99 381.01
679.00 381.00
706.00 381.00
732.99 381.00
759.99 381.00
787.99 381.00
815.00 381.00
842.00 381.00
869.99 381.00
160.01 408.00
188.00 408.00
215.00 408.00
242.01 408.01
270.01 408.00
297.00 408.00
324.00 408.00
351.00 408.00
379.00 408.00
406.00 408.00
433.00 408.00
459.99 408.00
487.99 408.01
514.99 408.00
541.99 408.01
570.00 408.01
597.00 408.01
623.99 408.00
651.00 408.01
679.01 408.00
705.99 408.00
732.99 408.00
759.99 408.00
787.99 408.00
815.00 408.00
841.99 408.00
870.00 408.01
160.00 435.00
188.00 435.00
215.00 435.00
242.01 434.99
270.01 435.00
297.00 435.00
324.00 435.00
351.00 435.00
379.00 434.99
406.00 435.00
433.00 435.00
459.99 434.99
488.00 435.00
514.99 435.00
541.99 435.00
570.00 434.99
596.99 435.00
623.99 434.99
651.00 434.99
679.00 434.99
705.99 435.00
732.99 435.00
759.99 434.99
787.99 434.99
815.00 434.99
842.00 434.99
869.99 435.00
133.01 462.00
160.01 462.00
188.00 462.00
215.00 462.00
242.01 462.00
270.01 462.01
297.00 461.99
324.00 462.00
351.00 461.99
379.00 462.00
406.00 462.00
433.00 462.00
459.99 461.99
488.00 461.99
514.98 461.99
541.99 461.99
569.99 461.99
597.00 462.01
623.99 462.00
651.00 461.99
679.00 462.00
705.99 461.99
732.99 461.99
759.99 462.00
788.00 462.00
815.00 461.99
841.99 462.00
869.99 462.00
897.00 461.99
133.01 490.00
160.00 490.01
188.00 490.01
215.01 490.00
242.01 490.01
270.01 490.00
297.00 490.00
324.00 490.01
350.99 490.00
379.00 490.00
406.00 490.01
433.00 490.00
459.99 490.01
488.00 490.01
514.99 490.01
542.00 490.00
569.99 490.01
597.00 490.00
624.00 490.00
650.99 490.00
679.00 490.00
706.00 490.01
732.99 490.00
759.99 490.00
787.99 490.00
815.00 490.00
842.00 490.00
870.00 490.00
896.99 490.00
133.01 517.00
160.01 517.00
188.00 517.00
215.01 517.00
242.01 517.00
270.01 517.00
297.00 517.00
324.00 517.00
351.00 517.00
379.00 517.00
406.01 517.00
433.00 517.00
459.99 517.00
488.00 517.00
514.99 517.01
542.00 517.00
570.00 517.00
597.00 517.01
623.99 517.00
651.00 517.00
679.01 517.00
706.00 517.00
732.99 517.00
759.99 517.00
787.98 517.00
815.00 517.00
841.99 517.01
870.00 517.00
896.99 517.00
133.01 544.00
160.00 544.01
188.00 544.01
215.00 544.00
242.01 544.01
270.01 544.01
297.00 544.00
324.00 544.00
350.99 544.00
379.00 544.01
406.01 544.01
433.00 544.01
459.99 544.01
487.99 544.01
514.99 544.01
541.99 544.01
570.00 544.01
597.00 544.00
623.99 544.00
651.00 544.00
679.00 544.01
705.99 544.00
732.99 544.01
759.99 544.00
787.99 544.00
815.00 544.00
841.99 544.01
870.00 544.00
896.99 544.01
133.01 572.01
160.00 572.00
188.00 572.01
215.01 572.00
242.01 572.00
270.01 572.00
296.99 572.01
324.00 572.00
350.99 572.00
379.01 572.00
406.00 572.00
433.01 572.00
460.00 572.00
488.00 572.00
514.99 572.00
541.99 572.00
569.99 572.00
597.00 572.00
623.99 571.99
651.00 572.00
679.00 572.00
705.99 572.00
732.98 572.00
759.99 572.00
787.99 572.00
815.00 572.00
842.00 572.01
869.99 572.00
896.99 572.00
160.00 599.00
188.00 599.00
215.00 598.99
242.01 599.00
270.01 599.00
297.00 599.00
323.99 599.00
350.99 598.99
379.00 598.99
406.00 599.00
432.99 599.00
459.99 599.00
488.00 598.99
514.98 599.00
541.99 599.00
569.99 599.00
597.00 599.00
623.99 599.00
651.00 599.00
679.00 599.00
705.99 599.00
732.99 599.00
759.99 599.00
787.99 598.99
815.00 598.99
842.00 599.00
869.99 598.99
160.00 625.99
188.00 625.99
215.00 625.99
242.00 625.99
270.01 626.00
297.00 626.00
324.00 625.99
351.00 625.99
379.00 625.99
406.00 625.99
433.00 625.99
459.99 626.00
488.00 625.99
514.99 626.00
542.00 625.99
570.00 626.00
597.00 626.00
624.00 626.00
651.00 626.00
679.00 625.99
705.99 626.00
732.99 626.00
759.99 625.99
787.99 625.99
815.00 625.99
841.99 626.00
869.99 625.99
160.00 652.99
188.00 652.99
215.00 652.99
242.01 652.99
270.02 652.99
297.00 652.99
324.00 653.00
350.99 652.99
379.00 652.99
406.01 652.99
433.00 652.99
460.00 652.99
488.00 652.99
514.99 653.00
541.99 653.00
570.00 652.99
597.00 652.99
624.00 652.99
651.00 653.00
679.00 652.99
706.00 653.00
732.99 653.00
759.99 652.99
787.99 653.00
815.00 653.00
842.00 652.99
870.00 652.99
188.00 680.99
215.00 680.99
242.01 680.99
270.01 681.00
297.00 680.99
324.00 680.99
350.99 680.99
379.00 681.00
406.00 680.99
433.00 681.00
460.00 680.99
488.00 680.99
514.99 681.00
542.00 680.99
570.00 681.00
596.99 680.99
623.99 681.00
651.00 680.99
679.00 680.99
706.00 681.00
732.99 681.00
759.99 681.00
788.00 681.00
815.00 681.00
841.99 681.00
188.00 707.99
215.00 707.99
242.01 707.99
270.01 707.99
297.00 707.99
324.00 707.98
350.99 707.99
379.00 707.99
406.01 707.98
433.00 707.98
459.99 707.98
488.00 707.98
514.99 707.98
541.99 707.98
569.99 707.99
597.00 707.98
624.00 707.99
651.00 707.99
679.00 707.98
705.99 707.99
732.99 707.99
759.99 707.99
787.99 707.99
815.00 707.99
842.00 707.99
215.00 735.00
242.01 734.99
270.00 735.00
297.00 734.99
324.00 735.00
350.99 735.00
379.00 734.99
405.99 735.00
433.00 735.00
459.99 734.99
488.00 734.99
514.99 735.00
541.99 735.00
570.00 735.00
597.00 734.99
623.99 735.00
650.99 735.00
679.00 735.00
705.99 735.00
732.99 735.00
759.99 735.00
787.99 734.99
815.00 735.00
215.01 761.99
242.01 761.99
270.01 761.99
297.00 761.99
323.99 761.99
351.00 761.99
379.00 761.99
406.00 761.99
433.00 761.99
459.99 761.99
488.00 761.99
514.99 761.99
541.99 761.99
570.00 761.99
596.99 761.99
623.99 761.99
650.99 761.99
679.00 761.99
706.00 761.99
732.98 761.99
759.99 761.99
787.99 761.99
815.00 761.99
242.01 789.99
270.01 790.00
297.00 789.99
324.00 790.00
350.99 790.00
379.00 790.00
406.00 789.99
433.00 790.00
460.00 790.00
488.00 790.00
514.98 790.00
542.00 790.00
570.00 790.00
596.99 790.00
624.00 789.99
651.00 790.00
679.00 789.99
706.00 789.99
732.99 789.99
759.99 790.00
787.99 790.00
270.01 817.00
297.00 817.00
324.00 817.00
351.00 817.00
379.00 817.00
406.00 817.00
433.01 817.00
460.00 817.00
488.00 817.00
514.98 817.00
541.99 817.01
570.00 817.00
596.99 817.00
624.00 817.00
650.99 817.00
679.00 817.00
706.00 817.00
732.99 817.00
759.99 817.00
323.99 844.00
351.00 844.00
379.00 843.99
406.00 844.00
433.00 843.99
459.99 844.00
488.00 844.00
514.98 844.00
541.99 843.99
570.00 843.99
596.99 843.99
624.00 844.00
651.00 844.00
679.01 844.00
705.99 844.00
379.00 872.00
406.00 871.99
433.01 872.00
460.00 871.99
487.99 871.99
514.99 872.00
541.99 871.99
570.00 871.99
597.00 872.00
623.99 871.99
651.00 872.00
460.00 899.00
487.99 898.99
514.98 898.99
542.00 899.00
570.00 898.98
