458.98 131.95
486.74 131.95
514.04 131.97
541.57 131.92
568.85 131.93
376.76 159.68
404.51 159.64
431.73 159.63
458.97 159.64
486.78 159.63
514.02 159.65
541.62 159.62
568.86 159.59
596.67 159.57
623.90 159.60
651.17 159.58
321.83 186.88
349.53 186.83
376.78 186.87
404.53 186.86
431.75 186.87
459.00 186.81
486.80 186.86
514.02 186.81
541.63 186.78
568.90 186.81
596.66 186.79
623.91 186.79
651.15 186.80
678.93 186.77
706.21 186.76
266.90 214.60
294.61 214.57
321.88 214.59
349.53 214.55
376.75 214.53
404.53 214.55
431.78 214.54
458.99 214.05
486.76 214.55
514.00 214.55
541.62 214.53
568.91 214.03
596.64 214.02
623.92 214.00
651.17 214.00
678.92 213.99
706.20 213.96
733.41 213.96
761.15 213.96
239.61 241.81
266.91 241.80
294.64 241.84
321.84 241.79
349.55 241.78
376.80 241.78
404.55 241.77
431.75 241.76
459.01 241.80
486.77 241.77
514.49 241.74
541.63 241.75
568.89 241.72
596.65 241.71
623.90 241.68
651.18 241.69
678.92 241.67
706.21 241.65
733.39 241.66
761.17 241.64
788.37 241.67
211.90 269.00
239.63 268.99
266.94 268.99
294.68 268.99
321.88 268.98
349.55 268.98
376.80 268.97
404.52 268.94
431.72 268.95
459.54 268.92
486.80 268.92
514.53 268.95
541.62 268.95
568.90 268.94
596.66 268.93
623.95 268.90
651.19 268.90
678.94 268.85
706.24 268.86
733.41 268.82
761.14 268.87
788.37 268.83
816.07 268.83
211.87 296.73
239.61 296.73
266.92 296.72
294.68 296.73
321.88 296.71
349.58 296.66
376.81 296.65
404.58 296.66
431.76 296.64
459.54 296.63
486.80 296.59
514.52 296.59
541.59 296.59
568.90 296.61
596.66 296.59
623.91 296.59
651.19 296.60
678.97 296.55
706.25 296.57
733.43 296.54
761.15 296.54
788.37 296.53
816.11 296.51
184.67 323.99
211.83 324.50
239.63 324.53
266.88 323.99
294.63 323.98
321.87 323.96
349.54 323.99
376.80 323.97
404.55 323.97
431.77 323.96
459.04 323.94
486.79 323.94
514.04 323.90
541.63 323.97
568.92 323.95
596.67 323.92
623.95 323.93
651.19 323.91
678.94 323.93
706.21 323.91
733.46 323.83
761.16 323.94
788.36 323.93
816.15 323.87
843.33 323.84
184.65 351.72
211.93 351.75
239.64 351.71
266.91 351.69
294.65 351.69
321.86 351.70
349.56 351.70
376.81 351.66
404.54 351.67
431.77 351.67
459.02 351.66
486.80 351.63
514.60 351.60
541.61 351.12
568.94 351.57
596.67 351.09
623.96 351.07
651.23 351.61
678.94 351.57
706.25 351.61
733.43 351.57
761.16 351.05
788.41 351.53
816.12 351.05
843.38 351.05
156.96 379.61
184.74 379.55
211.90 379.59
239.61 379.57
266.97 379.58
294.67 379.55
321.89 379.55
349.59 379.56
376.85 379.05
404.57 379.02
431.81 379.02
459.54 379.04
486.82 379.02
514.61 379.02
541.67 379.02
568.95 379.03
596.71 379.03
623.97 378.98
651.23 378.92
678.98 378.95
706.28 378.94
733.46 378.94
761.18 378.92
788.44 378.89
816.14 378.90
843.42 378.90
871.08 378.89
156.97 406.85
184.73 406.86
211.94 406.82
239.67 406.86
266.98 406.79
294.68 406.82
321.95 406.77
349.60 406.79
376.87 406.77
404.57 406.77
431.80 406.77
459.59 406.70
486.83 406.73
514.57 406.69
541.67 406.70
568.95 406.67
596.71 406.70
623.95 406.74
651.24 406.70
678.96 406.68
706.29 406.67
733.44 406.67
761.15 406.67
788.43 406.63
816.15 406.63
843.41 406.62
871.11 406.63
156.99 434.52
184.72 434.01
211.92 433.99
239.64 433.97
266.96 433.99
294.69 433.96
321.91 433.98
349.61 433.97
376.86 433.93
404.59 433.93
431.83 433.93
459.55 433.94
486.85 433.92
514.59 433.90
541.70 433.92
568.99 433.92
596.71 433.90
623.98 433.91
651.27 433.87
679.00 433.84
706.28 433.88
733.43 433.85
761.18 433.86
788.41 433.81
816.15 433.83
843.41 433.80
871.12 433.81
129.80 461.74
157.01 461.77
184.71 461.73
211.95 461.73
239.70 461.74
266.95 461.74
294.70 461.74
321.93 461.72
349.60 461.69
376.88 461.66
404.60 461.67
431.82 461.66
459.59 461.64
486.86 461.67
514.63 461.67
541.72 461.62
568.99 461.61
596.73 461.60
623.98 461.64
651.26 461.59
679.04 461.61
706.29 461.62
733.48 461.61
761.22 461.60
788.44 461.56
816.19 461.08
843.44 461.10
871.13 461.12
898.42 461.07
129.82 488.95
156.99 488.97
184.70 488.92
211.93 488.92
239.67 488.89
266.98 488.92
294.69 488.92
321.95 488.90
349.60 488.88
376.86 488.87
404.60 488.84
431.76 488.86
459.56 488.87
486.86 488.84
514.60 488.84
541.70 488.90
568.98 488.81
596.74 488.82
623.99 488.79
651.24 488.76
679.02 488.76
706.29 488.78
733.46 488.79
761.20 488.77
788.44 488.74
816.17 488.72
843.43 488.76
871.15 488.71
898.44 488.73
129.84 516.68
157.52 516.66
184.70 516.66
211.94 516.65
239.69 516.67
267.01 516.63
294.71 516.64
321.94 516.65
349.61 516.65
376.90 516.65
404.63 516.61
431.85 516.64
459.60 516.61
486.86 516.07
514.62 516.58
541.70 516.11
569.01 516.08
596.69 516.05
623.97 516.09
651.28 516.03
679.03 516.02
706.33 516.05
733.99 516.03
761.20 516.02
788.45 515.99
816.20 516.00
843.45 516.00
871.18 516.00
898.45 515.97
129.85 543.86
157.01 543.88
184.76 543.84
211.94 543.86
239.69 543.85
267.03 543.82
294.69 543.84
321.92 543.83
349.63 543.77
376.90 543.77
404.62 543.77
431.82 543.76
459.62 543.75
486.90 543.71
514.64 543.69
541.71 543.69
568.99 543.69
596.78 543.71
624.03 543.72
651.28 543.71
679.04 543.71
706.33 543.70
734.02 543.70
761.22 543.71
788.44 543.68
816.19 543.65
843.44 543.66
871.17 543.67
898.44 543.65
129.87 571.71
157.53 571.70
184.76 571.67
211.99 571.68
239.72 571.68
266.99 571.68
294.76 571.65
321.97 571.61
349.64 571.65
376.90 571.64
404.65 571.64
431.86 571.67
459.63 571.67
486.88 571.63
514.67 571.64
541.71 571.62
569.00 571.58
596.75 571.59
624.06 571.56
651.29 571.58
679.06 571.55
706.34 571.56
734.01 571.52
761.24 571.53
788.46 571.03
816.21 571.02
843.48 571.53
871.18 570.99
898.49 571.00
157.54 598.95
184.77 598.97
211.99 598.92
239.74 598.91
267.50 598.92
294.75 598.91
322.00 598.92
349.67 598.89
376.91 598.90
404.63 598.89
431.85 598.83
459.61 598.84
486.91 598.87
514.70 598.83
541.76 598.82
569.03 598.84
596.77 598.82
624.07 598.83
651.31 598.84
679.09 598.83
706.31 598.81
734.02 598.79
761.27 598.83
788.48 598.79
816.22 598.77
843.48 598.77
871.21 598.77
157.52 626.28
184.86 626.37
211.98 626.26
239.71 626.25
267.02 626.22
294.77 626.24
321.97 626.21
349.66 626.22
376.90 626.22
404.70 626.21
431.86 626.21
459.62 626.21
486.87 626.21
514.66 626.20
541.74 626.22
569.03 626.20
596.80 626.19
624.07 626.13
651.31 626.17
679.11 626.17
706.10 625.88
734.04 626.11
761.29 626.10
788.47 626.06
816.20 626.07
843.96 626.07
871.18 626.04
157.52 653.50
184.86 653.36
211.97 653.40
239.76 653.43
267.03 653.39
294.76 653.40
321.98 653.41
349.66 653.40
376.93 653.41
404.70 653.41
431.90 653.38
459.66 653.39
486.94 653.38
514.70 653.36
541.80 653.34
569.55 653.36
596.80 653.34
624.05 653.34
651.30 653.33
679.14 653.26
706.32 653.29
734.03 653.28
761.28 653.28
789.00 653.28
816.22 653.27
843.50 653.25
871.23 653.27
184.73 681.15
212.48 681.16
239.77 681.18
267.01 681.15
294.79 681.16
322.00 681.15
349.72 681.16
376.95 681.14
404.69 681.12
431.90 681.13
459.68 681.10
486.94 681.11
514.66 681.12
541.84 681.06
569.55 681.08
596.81 681.10
624.12 681.05
651.33 681.05
679.09 681.08
706.35 681.03
734.04 681.02
761.30 681.03
789.00 681.02
816.19 680.98
844.02 680.97
184.76 708.40
212.00 708.41
239.74 708.38
267.52 708.36
294.76 708.40
322.02 708.36
349.65 708.36
376.95 708.37
404.73 708.39
431.88 708.39
459.68 708.34
486.94 708.34
514.66 708.31
541.82 708.34
569.56 708.33
596.84 708.30
624.09 708.34
651.42 708.35
679.11 708.25
706.36 708.28
734.08 708.26
761.25 708.25
789.04 708.25
816.25 708.22
844.01 708.20
212.52 736.02
239.73 736.06
267.04 736.04
294.79 736.03
322.01 736.01
349.70 736.02
376.91 735.97
404.71 736.00
431.93 735.99
459.69 735.96
486.96 735.94
514.68 735.95
541.81 735.46
569.56 735.95
596.82 735.45
624.07 735.41
651.35 735.40
679.10 735.43
706.45 735.43
734.08 735.41
761.29 735.37
789.02 735.38
816.27 735.39
212.03 763.29
239.76 763.33
267.55 763.31
294.79 763.33
322.03 763.28
349.71 763.28
376.95 763.26
404.72 763.27
431.94 763.27
459.71 763.27
486.95 763.28
514.74 763.25
541.77 763.22
569.59 763.24
596.83 763.25
624.11 763.21
651.32 763.23
679.10 763.20
706.42 763.22
734.07 763.22
761.34 763.20
789.04 763.20
816.25 763.17
239.75 790.98
267.56 790.97
294.82 790.96
321.99 790.98
349.74 790.44
376.97 790.95
404.74 790.43
431.94 790.41
459.69 790.42
486.94 790.39
514.71 790.42
541.83 790.38
569.56 790.40
596.86 790.39
624.11 790.39
651.37 790.37
679.13 790.38
706.37 790.38
734.08 790.35
761.31 790.37
789.03 790.33
267.55 818.30
294.81 818.30
322.51 818.28
349.72 818.29
376.98 818.26
404.73 818.24
431.92 818.22
459.72 818.25
486.97 818.27
514.73 818.23
541.81 818.22
569.58 818.24
596.87 818.21
624.13 818.20
651.37 818.19
679.14 818.16
706.38 818.18
734.10 818.18
761.32 818.18
322.53 845.53
349.73 846.01
377.04 846.00
404.74 845.49
431.94 846.00
459.69 845.47
486.99 845.46
514.74 845.45
541.81 845.45
569.64 845.47
596.86 845.44
624.12 845.44
651.39 845.42
679.12 845.43
706.40 845.42
377.02 873.31
404.71 873.34
431.95 873.35
459.71 873.31
487.02 873.34
514.76 873.31
541.82 873.30
569.63 873.31
596.88 873.39
624.11 873.25
651.36 873.24
459.77 901.13
487.01 901.09
514.77 901.06
541.84 901.04
569.58 901.01
