459.01 131.94
486.73 131.94
514.50 131.95
541.58 131.94
568.89 131.89
376.78 159.68
404.51 159.66
431.75 159.64
458.97 159.67
486.78 159.65
514.03 159.65
541.60 159.62
568.86 159.60
596.66 159.61
623.91 159.58
651.16 159.61
321.85 186.86
349.54 186.84
376.81 186.84
404.52 186.84
431.75 186.86
459.02 186.79
486.79 186.83
514.02 186.77
541.64 186.75
568.88 186.76
596.67 186.78
623.90 186.77
651.16 186.76
678.94 186.75
706.20 186.76
266.88 214.60
294.61 214.55
321.86 214.57
349.55 214.56
376.75 214.54
404.56 214.54
431.77 214.55
458.99 214.01
486.74 214.50
514.00 214.50
541.62 214.51
568.89 214.49
596.63 214.01
623.91 213.98
651.18 213.97
678.93 213.94
706.20 213.96
733.41 213.95
761.14 213.93
239.61 241.78
266.92 241.77
294.63 241.82
321.84 241.76
349.53 241.75
376.80 241.74
404.55 241.77
431.76 241.75
459.00 241.74
486.81 241.72
514.51 241.70
541.63 241.71
568.89 241.69
596.65 241.67
623.93 241.65
651.17 241.69
678.94 241.63
706.22 241.62
733.41 241.63
761.16 241.61
788.38 241.62
211.90 269.01
239.62 268.97
266.92 268.98
294.66 269.00
321.90 268.98
349.54 268.99
376.79 268.96
404.54 268.96
431.77 268.95
459.53 268.93
486.81 268.95
514.53 268.93
541.64 268.95
568.91 268.94
596.68 268.94
623.93 268.90
651.18 268.94
678.93 268.89
706.24 268.86
733.40 268.83
761.15 268.86
788.37 268.82
816.08 268.81
211.88 296.75
239.67 296.78
266.91 296.75
294.69 296.74
321.85 296.71
349.55 296.70
376.80 296.67
404.56 296.67
431.75 296.70
459.51 296.65
486.81 296.64
514.55 296.64
541.61 296.60
568.89 296.61
596.66 296.62
623.89 296.57
651.19 296.62
678.96 296.59
706.22 296.58
733.43 296.57
761.18 296.56
788.36 296.56
816.13 296.54
184.65 324.03
211.83 324.55
239.64 324.56
266.90 324.02
294.61 324.00
321.89 323.98
349.54 324.00
376.82 324.01
404.53 323.98
431.77 324.00
459.07 323.92
486.77 323.96
514.49 323.94
541.63 323.99
568.93 323.97
596.64 323.93
623.93 323.94
651.20 323.92
678.96 323.91
706.22 323.92
733.48 323.84
761.15 323.95
788.37 323.92
816.15 323.88
843.35 323.83
184.67 351.71
211.93 351.75
239.62 351.70
266.93 351.71
294.66 351.70
321.87 351.68
349.57 351.68
376.83 351.66
404.55 351.66
431.78 351.66
459.03 351.65
486.80 351.63
514.58 351.58
541.61 351.09
568.92 351.57
596.70 351.10
623.95 351.05
651.22 351.60
678.95 351.57
706.28 351.60
733.46 351.58
761.16 351.05
788.39 351.52
816.14 351.04
843.37 351.02
157.47 379.55
184.73 379.51
211.92 379.53
239.63 379.53
266.97 379.53
294.69 379.52
321.90 379.53
349.57 379.51
376.82 379.02
404.55 379.48
431.81 379.49
459.57 379.01
486.82 379.48
514.57 379.47
541.66 379.48
568.92 379.00
596.70 378.99
623.98 378.94
651.22 378.91
678.95 378.92
706.26 378.90
733.44 378.89
761.17 378.88
788.44 378.90
816.13 378.90
843.43 378.89
871.11 378.87
156.96 406.88
184.71 406.90
211.95 406.83
239.70 406.86
266.99 406.83
294.68 406.79
321.92 406.77
349.60 406.75
376.85 406.77
404.59 406.78
431.79 406.75
459.60 406.70
486.80 406.75
514.55 406.71
541.65 406.73
568.94 406.69
596.71 406.69
623.96 406.71
651.25 406.70
678.96 406.67
706.26 406.65
733.44 406.66
761.17 406.66
788.44 406.62
816.16 406.63
843.41 406.60
871.13 406.60
156.99 434.53
184.73 434.04
211.91 433.99
239.66 434.01
267.44 433.97
294.67 433.94
321.94 433.98
349.60 433.95
376.85 433.97
404.59 433.93
431.81 433.95
459.55 433.95
486.87 433.90
514.58 433.90
541.67 433.94
568.96 433.91
596.72 433.88
623.97 433.88
651.22 433.85
679.00 433.84
706.28 433.89
733.45 433.87
761.19 433.84
788.42 433.81
816.15 433.83
843.45 433.83
871.09 433.80
129.81 461.70
157.50 461.72
184.75 461.72
211.91 461.67
239.70 461.69
267.45 461.70
294.71 461.69
321.93 461.68
349.63 461.62
376.87 461.64
404.57 461.62
431.84 461.62
459.57 461.60
486.86 461.62
514.62 461.62
541.71 461.55
568.97 461.57
596.73 461.59
624.00 461.59
651.27 461.55
679.03 461.56
706.32 461.55
733.48 461.55
761.23 461.53
788.40 461.51
816.17 461.04
843.45 461.49
871.14 461.49
898.43 461.47
129.85 488.91
157.50 488.91
184.71 488.91
211.95 488.89
239.69 488.87
267.48 488.89
294.71 488.87
321.92 488.90
349.62 488.88
376.88 488.82
404.63 488.83
431.79 488.86
459.58 488.86
486.83 488.82
514.59 488.82
541.70 488.85
568.98 488.81
596.73 488.81
624.00 488.77
651.24 488.76
679.01 488.79
706.31 488.75
733.46 488.75
761.24 488.76
788.43 488.72
816.18 488.72
843.45 488.73
871.15 488.70
898.46 488.70
129.81 516.67
157.52 516.66
184.67 516.66
211.94 516.66
239.69 516.66
267.49 516.64
294.70 516.61
321.93 516.64
349.62 516.62
376.88 516.60
404.63 516.61
431.84 516.62
459.59 516.59
486.89 516.10
514.61 516.60
541.69 516.10
568.99 516.09
596.74 516.02
624.00 516.05
651.27 516.01
679.04 516.02
706.30 516.03
734.00 516.02
761.20 516.01
788.45 516.00
816.18 515.99
843.46 516.01
871.18 515.98
898.46 515.99
129.84 543.85
157.49 543.88
184.75 543.87
212.48 543.86
239.69 543.84
267.50 543.84
294.70 543.80
321.94 543.80
349.63 543.78
376.88 543.75
404.60 543.78
431.82 543.76
459.60 543.72
486.90 543.69
514.62 543.66
541.70 543.67
568.98 543.68
596.75 543.69
624.04 543.69
651.26 543.70
679.06 543.72
706.30 543.71
734.00 543.71
761.25 543.69
788.46 543.68
816.17 543.67
843.46 543.64
871.16 543.64
898.45 543.65
129.87 571.69
157.53 571.68
184.74 571.68
212.50 571.66
239.68 571.66
266.99 571.67
294.75 571.64
321.97 571.63
349.63 571.62
376.88 571.63
404.65 571.63
431.84 571.64
459.62 571.63
486.91 571.61
514.65 571.62
541.73 571.60
569.01 571.56
596.75 571.56
624.06 571.52
651.30 571.55
679.06 571.55
706.34 571.53
734.00 571.52
761.25 571.53
788.46 571.49
816.20 571.01
843.47 571.51
871.19 570.97
898.49 570.99
157.52 598.94
184.77 598.95
211.98 598.91
239.73 598.91
267.52 598.91
294.74 598.89
321.96 598.92
349.64 598.89
376.91 598.87
404.64 598.86
431.86 598.85
459.63 598.81
486.89 598.85
514.65 598.81
541.74 598.82
569.02 598.82
596.77 598.84
624.03 598.82
651.33 598.83
679.06 598.81
706.30 598.83
734.03 598.80
761.27 598.80
788.48 598.77
816.19 598.81
843.48 598.75
871.20 598.74
157.55 626.29
185.39 626.39
212.49 626.28
239.70 626.27
267.49 626.26
294.76 626.24
321.95 626.19
349.65 626.23
376.90 626.21
404.71 626.18
431.87 626.20
459.64 626.21
486.87 626.22
514.62 626.19
541.77 626.22
569.49 626.19
596.75 626.18
624.06 626.14
651.29 626.17
679.14 626.16
706.12 625.88
734.03 626.11
761.26 626.08
788.49 626.06
816.19 626.07
843.98 626.07
871.18 626.05
157.54 653.47
184.85 653.32
212.47 653.38
239.74 653.38
267.49 653.39
294.76 653.37
321.99 653.36
349.67 653.38
376.91 653.37
404.73 653.39
431.90 653.34
459.68 653.35
486.91 653.36
514.67 653.32
541.79 653.31
569.52 653.31
596.79 653.30
624.08 653.30
651.32 653.28
679.12 653.23
706.33 653.23
734.03 653.28
761.29 653.25
789.00 653.25
816.23 653.22
843.49 653.23
871.22 653.25
184.72 681.13
212.50 681.12
239.76 681.14
267.48 681.16
294.78 681.13
322.00 681.12
349.72 681.13
376.95 681.10
404.68 681.06
431.90 681.10
459.64 681.07
486.91 681.04
514.65 681.10
541.82 681.02
569.57 681.04
596.81 681.04
624.09 681.02
651.32 681.02
679.07 680.99
706.33 680.99
734.00 681.00
761.29 681.01
789.00 680.98
816.24 680.94
844.02 680.96
184.76 708.36
212.03 708.38
239.71 708.32
267.52 708.36
294.75 708.36
322.01 708.35
349.67 708.33
376.97 708.33
404.70 708.34
431.88 708.35
459.66 708.33
486.94 708.31
514.63 708.29
541.81 708.28
569.56 708.29
596.80 708.27
624.09 708.26
651.42 708.27
679.10 708.23
706.35 708.26
734.07 708.26
761.28 708.21
789.03 708.23
816.26 708.19
844.02 708.19
212.51 736.05
239.74 736.09
267.49 736.06
294.81 736.04
322.47 736.04
349.70 736.01
376.93 735.95
404.70 736.01
431.92 736.00
459.69 735.99
486.95 735.95
514.68 735.96
541.80 735.47
569.55 735.94
596.82 735.47
624.09 735.43
651.35 735.43
679.10 735.44
706.44 735.50
734.08 735.41
761.29 735.41
789.00 735.40
816.25 735.41
212.03 763.28
239.77 763.28
267.52 763.30
294.79 763.29
322.00 763.23
349.71 763.23
376.96 763.23
404.72 763.21
431.93 763.21
459.69 763.22
486.95 763.23
514.74 763.21
541.78 763.21
569.54 763.19
596.80 763.21
624.08 763.16
651.32 763.19
679.09 763.16
706.39 763.17
734.09 763.16
761.31 763.14
789.02 763.14
816.26 763.15
239.77 791.00
267.55 790.98
294.80 790.50
322.00 790.51
349.75 790.44
376.99 790.95
404.70 790.44
431.96 790.45
459.69 790.42
486.94 790.42
514.71 790.43
541.81 790.40
569.56 790.44
596.82 790.41
624.12 790.42
651.36 790.39
679.12 790.38
706.38 790.39
734.07 790.37
761.26 790.40
789.03 790.37
267.56 818.27
294.80 818.28
322.53 818.28
349.73 818.28
376.99 818.26
404.72 818.24
431.94 818.21
459.71 818.22
486.96 818.24
514.71 818.21
541.83 818.22
569.58 818.20
596.86 818.19
624.12 818.19
651.36 818.17
679.13 818.15
706.38 818.17
734.09 818.19
761.31 818.16
322.53 845.48
349.74 845.94
377.01 845.98
404.73 845.46
431.96 845.50
459.67 845.48
486.99 845.45
514.75 845.44
541.82 845.41
569.65 845.46
596.89 845.42
624.12 845.43
651.37 845.43
679.16 845.41
706.40 845.42
377.01 873.40
404.73 873.39
431.93 873.39
459.73 873.37
486.99 873.41
514.77 873.37
541.80 873.37
569.64 873.37
596.91 873.45
624.12 873.32
651.37 873.32
459.76 901.06
487.03 901.06
514.78 901.04
541.82 901.00
569.60 900.98
