458.97 131.99
486.74 131.99
514.00 132.03
541.58 131.97
568.87 131.94
376.79 159.69
404.00 159.66
431.74 159.65
458.99 159.66
486.78 159.67
513.98 159.63
541.61 159.59
568.87 159.60
596.65 159.59
623.88 159.60
651.16 159.59
321.82 186.88
349.55 186.87
376.76 186.88
404.54 186.88
431.74 186.90
459.02 186.82
486.81 186.86
514.02 186.84
541.63 186.80
568.90 186.81
596.65 186.80
623.89 186.80
651.14 186.79
678.92 186.78
706.20 186.76
266.89 214.55
294.64 214.52
321.87 214.51
349.53 214.51
376.76 214.48
404.54 214.49
431.75 214.48
458.98 213.99
486.78 214.47
513.99 214.48
541.64 214.47
568.90 213.98
596.62 213.96
623.92 213.95
651.15 213.94
678.92 213.92
706.21 213.92
733.42 213.92
761.14 213.90
239.62 241.80
266.91 241.80
294.65 241.81
321.86 241.79
349.54 241.77
376.80 241.76
404.56 241.75
431.76 241.77
459.02 241.78
486.79 241.72
514.00 241.71
541.63 241.75
568.89 241.71
596.65 241.68
623.92 241.66
651.17 241.69
678.93 241.66
706.22 241.67
733.39 241.64
761.16 241.65
788.37 241.61
211.87 268.98
239.61 268.94
266.94 268.94
294.66 268.98
321.89 268.94
349.56 268.96
376.81 268.95
404.54 268.94
431.75 268.94
459.53 268.91
486.80 268.91
514.52 268.92
541.64 268.93
568.91 268.91
596.66 268.90
623.93 268.86
651.20 268.89
678.93 268.83
706.23 268.83
733.42 268.82
761.13 268.85
788.38 268.78
816.09 268.78
211.89 296.72
239.66 296.74
266.89 296.74
294.68 296.71
321.87 296.69
349.60 296.63
376.81 296.64
404.60 296.65
431.78 296.64
459.54 296.61
486.82 296.59
514.52 296.61
541.60 296.59
568.90 296.62
596.68 296.60
623.89 296.57
651.17 296.59
678.96 296.56
706.21 296.59
733.44 296.55
761.15 296.55
788.38 296.06
816.08 296.06
184.64 324.02
211.82 324.04
239.62 324.03
266.92 323.99
294.63 323.98
321.89 323.98
349.59 324.00
376.81 324.00
404.55 324.00
431.78 323.98
459.06 323.92
486.80 323.97
514.03 323.92
541.62 324.00
568.93 323.94
596.65 323.90
623.95 323.96
651.18 323.93
678.96 323.92
706.23 323.92
733.46 323.84
761.16 323.96
788.36 323.91
816.18 323.86
843.32 323.84
184.68 351.74
211.93 351.75
239.63 351.72
266.94 351.73
294.66 351.69
321.88 351.72
349.58 351.72
376.82 351.67
404.58 351.68
431.78 351.68
459.01 351.68
486.81 351.64
514.59 351.61
541.64 351.12
568.93 351.61
596.71 351.08
623.95 351.05
651.20 351.58
678.94 351.60
706.22 351.61
733.45 351.60
761.16 351.05
788.41 351.54
816.14 351.05
843.37 351.03
156.96 379.62
184.73 379.57
211.91 379.59
239.64 379.58
266.97 379.57
294.68 379.56
321.90 379.60
349.58 379.55
376.84 379.06
404.55 379.05
431.82 379.05
459.55 379.02
486.81 379.03
514.59 379.02
541.66 379.03
568.94 379.02
596.72 379.02
623.95 378.97
651.24 378.94
678.95 378.94
706.26 378.93
733.45 378.92
761.19 378.92
788.43 378.89
816.14 378.91
843.44 378.91
871.09 378.88
156.94 406.89
184.71 406.87
211.92 406.82
239.71 406.90
266.99 406.82
294.71 406.82
321.91 406.78
349.57 406.79
376.84 406.81
404.62 406.82
431.77 406.77
459.59 406.75
486.83 406.73
514.55 406.73
541.66 406.71
568.96 406.70
596.72 406.71
623.97 406.72
651.21 406.69
678.97 406.70
706.31 406.67
733.43 406.68
761.17 406.69
788.41 406.66
816.15 406.66
843.39 406.60
871.12 406.64
156.99 434.60
184.72 434.06
211.92 434.04
239.66 434.05
266.94 434.00
294.67 434.01
321.93 434.03
349.62 434.00
376.84 434.01
404.58 434.00
431.82 433.97
459.54 434.00
486.85 433.95
514.61 433.98
541.67 433.97
568.98 433.99
596.74 433.97
623.97 433.95
651.25 433.91
679.00 433.90
706.25 433.94
733.44 433.90
761.20 433.90
788.40 433.87
816.17 433.84
843.43 433.85
871.14 433.85
129.79 461.72
157.01 461.75
184.73 461.73
211.95 461.70
239.70 461.72
266.98 461.75
294.72 461.73
321.92 461.70
349.62 461.67
376.90 461.65
404.61 461.71
431.83 461.66
459.57 461.64
486.84 461.66
514.61 461.67
541.72 461.60
568.99 461.61
596.73 461.61
623.97 461.63
651.26 461.60
679.00 461.59
706.29 461.61
733.96 461.58
761.21 461.57
788.41 461.55
816.17 461.05
843.45 461.05
871.11 461.05
898.42 461.05
129.83 488.94
157.00 488.96
184.73 488.90
211.95 488.91
239.68 488.89
266.96 488.91
294.70 488.90
321.90 488.91
349.60 488.89
376.89 488.85
404.61 488.85
431.78 488.87
459.58 488.88
486.86 488.85
514.58 488.83
541.69 488.86
568.97 488.83
596.75 488.82
623.98 488.80
651.24 488.79
679.01 488.81
706.28 488.76
733.46 488.79
761.19 488.76
788.44 488.75
816.19 488.72
843.45 488.76
871.15 488.74
898.46 488.74
129.81 516.63
157.51 516.66
184.69 516.66
211.97 516.63
239.68 516.63
266.99 516.62
294.72 516.65
321.92 516.64
349.59 516.62
376.90 516.64
404.62 516.57
431.86 516.59
459.56 516.58
486.87 516.06
514.61 516.56
541.70 516.08
569.00 516.07
596.70 516.02
623.99 516.02
651.26 515.99
679.04 516.01
706.29 516.02
733.99 515.99
761.20 515.98
788.45 515.99
816.18 515.96
843.44 515.98
871.16 515.99
898.44 515.96
129.84 543.87
156.99 543.90
184.72 543.85
211.97 543.86
239.70 543.85
267.00 543.84
294.72 543.87
321.93 543.82
349.64 543.79
376.88 543.79
404.61 543.78
431.84 543.76
459.60 543.74
486.90 543.73
514.62 543.71
541.70 543.70
569.00 543.69
596.73 543.70
624.02 543.71
651.26 543.71
679.04 543.72
706.29 543.72
734.02 543.73
761.25 543.69
788.44 543.70
816.18 543.64
843.44 543.65
871.16 543.66
898.44 543.62
129.88 571.71
157.53 571.71
184.75 571.70
211.99 571.72
239.70 571.71
267.02 571.69
294.75 571.66
321.96 571.67
349.63 571.67
376.87 571.69
404.63 571.66
431.85 571.66
459.62 571.66
486.89 571.67
514.66 571.65
541.72 571.65
569.00 571.61
596.75 571.60
624.05 571.57
651.29 571.59
679.06 571.55
706.35 571.58
734.00 571.54
761.23 571.55
788.44 571.02
816.18 571.01
843.48 571.54
871.20 570.99
898.48 571.00
157.51 598.90
184.73 598.90
212.00 598.86
239.74 598.86
267.00 598.84
294.73 598.84
321.97 598.85
349.65 598.84
376.91 598.84
404.62 598.83
431.86 598.80
459.62 598.78
486.91 598.81
514.68 598.79
541.74 598.78
569.05 598.77
596.76 598.76
624.06 598.75
651.30 598.77
679.06 598.77
706.31 598.76
734.03 598.77
761.25 598.76
788.47 598.71
816.18 598.73
843.45 598.71
871.19 598.72
157.53 626.26
184.84 626.35
211.99 626.25
239.73 626.21
267.01 626.24
294.74 626.23
321.96 626.19
349.65 626.18
376.88 626.22
404.71 626.18
431.87 626.17
459.64 626.19
486.89 626.19
514.64 626.17
541.73 626.15
569.01 626.17
596.74 626.14
624.06 626.10
651.27 626.15
679.14 626.10
706.12 625.85
734.04 626.07
761.25 626.04
788.47 626.05
816.18 626.06
843.96 626.02
871.20 626.01
157.51 653.51
184.82 653.39
212.00 653.38
239.76 653.45
267.04 653.41
294.76 653.40
321.96 653.41
349.67 653.38
376.92 653.40
404.69 653.42
431.88 653.37
459.66 653.39
486.94 653.39
514.69 653.38
541.76 653.35
569.52 653.35
596.79 653.34
624.06 653.35
651.29 653.31
679.13 653.28
706.32 653.29
734.03 653.30
761.28 653.26
789.01 653.27
816.22 653.28
843.97 653.25
871.23 653.29
184.71 681.12
211.99 681.12
239.75 681.13
267.02 681.13
294.78 681.11
322.00 681.12
349.74 681.11
376.93 681.08
404.66 681.07
431.88 681.11
459.64 681.08
486.91 681.03
514.65 681.09
541.81 681.03
569.55 681.02
596.83 681.04
624.08 681.00
651.30 681.02
679.07 681.02
706.35 681.01
734.03 680.99
761.29 681.00
789.00 680.96
816.21 680.94
844.01 680.96
184.73 708.36
212.04 708.36
239.74 708.31
267.53 708.33
294.76 708.33
322.01 708.31
349.67 708.31
376.96 708.33
404.67 708.31
431.89 708.31
459.67 708.31
486.93 708.29
514.66 708.26
541.80 708.23
569.55 708.24
596.79 708.26
624.08 708.26
651.42 708.26
679.11 708.20
706.35 708.25
734.07 708.22
761.26 708.22
789.03 708.17
816.22 708.16
844.03 708.17
212.51 736.09
239.73 736.09
267.03 736.06
294.78 736.06
321.99 736.04
349.72 736.03
376.94 736.00
404.70 736.03
431.93 736.02
459.69 736.00
486.96 735.98
514.68 735.97
541.79 735.97
569.56 735.98
596.82 735.96
624.08 735.46
651.33 735.46
679.10 735.46
706.46 735.98
734.03 735.43
761.29 735.42
789.02 735.41
816.25 735.42
212.02 763.27
239.78 763.26
267.53 763.29
294.79 763.28
322.02 763.24
349.71 763.24
376.98 763.20
404.69 763.21
431.92 763.21
459.69 763.21
486.94 763.21
514.75 763.20
541.78 763.21
569.57 763.20
596.83 763.22
624.10 763.19
651.31 763.18
679.08 763.17
706.38 763.13
734.08 763.15
761.31 763.15
789.04 763.15
816.24 763.16
239.78 790.99
267.55 790.97
294.79 790.95
322.00 791.00
349.74 790.44
376.96 790.93
404.72 790.44
431.94 790.43
459.69 790.43
486.94 790.41
514.73 790.44
541.81 790.40
569.57 790.42
596.84 790.40
624.07 790.40
651.35 790.41
679.10 790.38
706.38 790.40
734.06 790.36
761.28 790.38
789.02 790.37
267.56 818.27
294.81 818.26
322.02 818.25
349.74 818.27
376.98 818.23
404.72 818.22
431.91 818.20
459.70 818.19
486.97 818.24
514.74 818.19
541.84 818.18
569.57 818.19
596.85 818.16
624.11 818.17
651.37 818.16
679.13 818.12
706.37 818.14
734.09 818.16
761.33 818.17
322.53 845.95
349.75 845.96
377.00 845.98
404.74 845.45
431.96 845.95
459.69 845.46
486.97 845.43
514.75 845.43
541.80 845.41
569.63 845.44
596.88 845.41
624.08 845.41
651.37 845.39
679.14 845.40
706.40 845.38
376.98 873.31
404.71 873.30
431.96 873.30
459.69 873.30
486.98 873.33
514.74 873.31
541.82 873.27
569.64 873.30
596.91 873.36
624.09 873.24
651.35 873.23
459.75 901.05
487.01 901.04
514.75 901.04
541.80 901.01
569.59 900.99
