458.98 131.95
486.74 131.98
514.03 131.98
541.58 131.96
568.88 131.94
376.79 159.65
404.02 159.63
431.75 159.63
458.97 159.63
486.79 159.64
514.01 159.63
541.59 159.60
568.86 159.60
596.68 159.56
623.88 159.60
651.15 159.57
321.81 186.87
349.56 186.81
376.77 186.85
404.53 186.85
431.74 186.84
459.00 186.81
486.77 186.83
514.01 186.81
541.62 186.77
568.88 186.74
596.65 186.76
623.90 186.78
651.16 186.78
678.93 186.75
706.17 186.72
266.90 214.60
294.63 214.56
321.87 214.57
349.55 214.55
376.76 214.52
404.52 214.55
431.78 214.54
458.99 214.04
486.76 214.51
513.99 214.52
541.62 214.52
568.89 214.02
596.65 214.01
623.92 213.97
651.18 213.98
678.92 213.95
706.20 213.98
733.38 213.95
761.11 213.92
239.60 241.77
266.93 241.77
294.63 241.82
321.86 241.73
349.53 241.74
376.80 241.74
404.55 241.75
431.76 241.72
459.00 241.75
486.80 241.72
514.01 241.69
541.59 241.68
568.89 241.68
596.65 241.68
623.92 241.65
651.14 241.66
678.94 241.63
706.21 241.63
733.38 241.62
761.17 241.61
788.37 241.61
211.90 269.00
239.61 269.00
266.94 268.98
294.68 269.01
321.89 268.95
349.55 268.98
376.81 268.96
404.56 268.96
431.75 268.96
459.53 268.93
486.78 268.95
514.52 268.94
541.65 268.95
568.88 268.93
596.64 268.91
623.93 268.90
651.18 268.92
678.92 268.89
706.22 268.86
733.40 268.85
761.13 268.86
788.38 268.81
816.09 268.79
211.87 296.71
239.67 296.72
266.92 296.73
294.69 296.72
321.87 296.67
349.59 296.66
376.81 296.64
404.58 296.64
431.78 296.65
459.54 296.63
486.80 296.61
514.55 296.59
541.61 296.58
568.90 296.59
596.68 296.57
623.89 296.56
651.16 296.57
678.96 296.54
706.20 296.57
733.42 296.54
761.17 296.51
788.35 296.05
816.10 296.05
184.69 323.99
211.83 324.02
239.62 324.50
266.94 323.97
294.61 323.99
321.88 323.93
349.54 323.96
376.81 323.97
404.53 323.93
431.75 323.96
459.06 323.90
486.79 323.91
514.02 323.89
541.61 323.95
568.91 323.92
596.65 323.88
623.94 323.93
651.19 323.86
678.96 323.88
706.18 323.89
733.46 323.78
761.15 323.90
788.37 323.90
816.16 323.86
843.32 323.83
184.70 351.74
211.94 351.74
239.65 351.69
266.91 351.70
294.68 351.69
321.89 351.70
349.55 351.70
376.82 351.65
404.58 351.67
431.78 351.66
459.00 351.65
486.83 351.63
514.57 351.59
541.61 351.10
568.94 351.59
596.69 351.08
623.94 351.06
651.20 351.60
678.94 351.56
706.26 351.57
733.44 351.57
761.17 351.03
788.39 351.50
816.13 351.03
843.36 351.04
157.01 379.60
184.73 379.58
211.91 379.60
239.63 379.59
266.97 379.58
294.67 379.56
321.89 379.57
349.61 379.55
376.86 379.05
404.57 379.03
431.82 379.08
459.56 379.04
486.80 379.03
514.60 379.02
541.66 379.05
568.93 379.03
596.68 379.02
623.95 378.98
651.24 378.92
678.96 378.92
706.27 378.94
733.45 378.93
761.19 378.94
788.41 378.92
816.13 378.92
843.40 378.93
871.10 378.89
156.97 406.90
184.72 406.91
211.95 406.85
239.69 406.88
266.99 406.86
294.69 406.85
321.92 406.78
349.58 406.80
376.86 406.79
404.56 406.78
431.79 406.77
459.60 406.75
486.82 406.75
514.57 406.74
541.65 406.76
568.94 406.73
596.72 406.74
623.95 406.73
651.23 406.71
678.96 406.69
706.25 406.68
733.42 406.70
761.15 406.66
788.40 406.61
816.11 406.64
843.39 406.62
871.09 406.64
156.99 434.52
184.72 434.05
211.94 433.99
239.67 433.99
266.98 433.98
294.70 433.99
321.92 433.95
349.62 433.99
376.85 433.94
404.62 433.94
431.84 433.96
459.56 433.96
486.86 433.90
514.60 433.91
541.66 433.93
568.96 433.92
596.71 433.92
623.94 433.87
651.25 433.86
679.00 433.85
706.27 433.88
733.42 433.85
761.19 433.84
788.40 433.81
816.13 433.80
843.41 433.82
871.10 433.84
129.80 461.77
157.03 461.75
184.73 461.77
211.95 461.71
239.72 461.73
266.98 461.73
294.70 461.74
321.92 461.71
349.62 461.66
376.90 461.65
404.57 461.69
431.81 461.66
459.60 461.65
486.82 461.68
514.63 461.68
541.71 461.60
568.97 461.61
596.73 461.64
623.96 461.63
651.26 461.59
679.01 461.60
706.28 461.59
733.50 461.62
761.19 461.58
788.40 461.55
816.16 461.08
843.44 461.07
871.12 461.08
898.42 461.09
129.83 488.93
157.02 488.93
184.74 488.88
211.94 488.90
239.67 488.84
266.96 488.89
294.70 488.88
321.94 488.88
349.60 488.84
376.88 488.84
404.61 488.81
431.80 488.84
459.54 488.86
486.87 488.81
514.60 488.82
541.67 488.83
568.98 488.79
596.74 488.80
623.97 488.78
651.23 488.76
678.99 488.77
706.29 488.72
733.47 488.75
761.21 488.75
788.44 488.71
816.16 488.70
843.43 488.72
871.15 488.69
898.45 488.69
129.83 516.65
157.55 516.62
184.73 516.65
211.96 516.64
239.69 516.63
266.99 516.59
294.74 516.57
321.93 516.60
349.63 516.58
376.88 516.60
404.62 516.56
431.86 516.59
459.57 516.53
486.85 516.05
514.60 516.56
541.68 516.09
569.00 516.07
596.74 516.02
623.97 516.04
651.25 515.99
679.03 516.00
706.32 516.00
733.98 515.98
761.23 515.99
788.44 515.98
816.20 515.97
843.44 515.98
871.16 515.95
898.43 515.96
129.84 543.85
157.02 543.88
184.74 543.85
211.96 543.82
239.71 543.83
267.01 543.83
294.69 543.80
321.94 543.81
349.63 543.77
376.90 543.79
404.62 543.77
431.84 543.73
459.62 543.76
486.91 543.69
514.64 543.65
541.70 543.68
568.97 543.68
596.77 543.68
624.00 543.69
651.25 543.70
679.04 543.70
706.30 543.71
734.00 543.69
761.22 543.70
788.45 543.67
816.17 543.64
843.44 543.64
871.16 543.64
898.46 543.62
129.83 571.73
157.55 571.70
184.75 571.73
211.98 571.70
239.70 571.72
267.02 571.70
294.75 571.67
321.96 571.68
349.67 571.69
376.89 571.66
404.65 571.68
431.85 571.68
459.61 571.69
486.89 571.65
514.66 571.66
541.72 571.64
568.99 571.61
596.75 571.62
624.07 571.59
651.27 571.61
679.05 571.55
706.33 571.59
734.00 571.57
761.21 571.57
788.43 571.03
816.19 571.05
843.46 571.54
871.19 571.01
898.46 571.03
157.51 598.88
184.75 598.89
211.98 598.87
239.72 598.84
267.02 598.85
294.73 598.82
321.96 598.85
349.63 598.80
376.88 598.83
404.62 598.82
431.86 598.79
459.62 598.76
486.89 598.79
514.67 598.77
541.73 598.76
569.01 598.75
596.75 598.74
624.04 598.74
651.31 598.77
679.06 598.76
706.32 598.73
734.02 598.73
761.25 598.74
788.45 598.72
816.17 598.70
843.46 598.69
871.18 598.70
157.55 626.26
184.84 626.37
212.00 626.23
239.72 626.23
267.00 626.21
294.74 626.22
321.95 626.17
349.66 626.19
376.89 626.19
404.69 626.17
431.87 626.19
459.63 626.19
486.90 626.19
514.61 626.15
541.71 626.17
569.04 626.15
596.77 626.14
624.04 626.12
651.28 626.15
679.13 626.14
706.10 625.85
734.02 626.06
761.24 626.06
788.49 626.05
816.20 626.04
843.96 626.04
871.14 626.06
157.54 653.46
184.82 653.33
211.98 653.37
239.77 653.41
267.03 653.36
294.76 653.39
321.97 653.36
349.69 653.37
376.93 653.38
404.70 653.35
431.88 653.36
459.65 653.37
486.92 653.34
514.67 653.32
541.79 653.33
569.53 653.30
596.80 653.30
624.04 653.31
651.28 653.28
679.12 653.25
706.32 653.24
734.04 653.30
761.28 653.22
788.99 653.25
816.19 653.20
843.95 653.21
871.23 653.25
184.71 681.11
211.99 681.09
239.77 681.12
267.03 681.12
294.77 681.10
321.99 681.10
349.73 681.11
376.93 681.07
404.66 681.09
431.90 681.06
459.62 681.04
486.92 681.02
514.68 681.07
541.83 680.99
569.57 681.00
596.79 681.05
624.08 680.99
651.32 681.00
679.09 681.00
706.32 680.98
734.00 680.99
761.27 680.97
789.00 680.97
816.21 680.91
844.00 680.92
184.74 708.38
212.01 708.37
239.73 708.36
267.52 708.35
294.75 708.35
322.01 708.33
349.69 708.32
376.96 708.35
404.71 708.33
431.88 708.33
459.67 708.33
486.93 708.31
514.68 708.30
541.80 708.29
569.53 708.29
596.80 708.26
624.08 708.29
651.39 708.27
679.08 708.24
706.35 708.25
734.06 708.25
761.25 708.22
789.03 708.20
816.24 708.19
844.00 708.22
212.53 736.08
239.72 736.09
267.04 736.06
294.80 736.08
322.02 736.04
349.72 736.05
376.95 736.01
404.71 736.03
431.91 736.01
459.69 736.01
486.95 735.97
514.66 735.98
541.77 735.95
569.55 735.97
596.83 735.97
624.08 735.43
651.32 735.44
679.10 735.47
706.45 735.98
734.07 735.43
761.28 735.42
789.00 735.38
816.24 735.42
212.01 763.23
239.80 763.22
267.55 763.26
294.80 763.26
322.02 763.23
349.70 763.22
376.95 763.18
404.70 763.20
431.94 763.20
459.70 763.20
486.92 763.16
514.73 763.19
541.78 763.19
569.58 763.17
596.85 763.18
624.07 763.14
651.30 763.17
679.11 763.16
706.39 763.13
734.07 763.13
761.30 763.13
789.02 763.11
816.24 763.10
239.80 790.96
267.56 790.96
294.81 790.94
321.99 790.94
349.72 790.43
376.97 790.93
404.70 790.42
431.93 790.42
459.68 790.40
486.93 790.40
514.74 790.43
541.79 790.38
569.58 790.38
596.86 790.37
624.07 790.37
651.35 790.35
679.14 790.36
706.36 790.37
734.08 790.37
761.27 790.38
789.03 790.31
267.57 818.26
294.80 818.24
322.50 818.25
349.74 818.24
376.95 818.24
404.72 818.20
431.93 818.19
459.70 818.21
486.96 818.23
514.73 818.20
541.83 818.19
569.55 818.19
596.86 818.19
624.10 818.16
651.37 818.15
679.13 818.12
706.38 818.15
734.07 818.17
761.32 818.16
322.52 845.97
349.74 846.00
376.99 846.00
404.72 845.50
431.92 845.94
459.70 845.49
486.99 845.49
514.76 845.47
541.80 845.45
569.62 845.48
596.85 845.45
624.10 845.44
651.35 845.42
679.14 845.43
706.40 845.42
377.00 873.30
404.73 873.31
431.95 873.30
459.70 873.27
486.97 873.30
514.77 873.27
541.81 873.27
569.62 873.28
596.89 873.37
624.11 873.21
651.36 873.22
459.74 901.09
487.01 901.08
514.77 901.05
541.81 901.02
569.61 901.01
