458.98 131.97
486.75 131.98
514.02 132.01
541.57 131.96
568.86 131.93
376.76 159.68
404.03 159.68
431.76 159.65
459.00 159.70
486.78 159.65
514.02 159.66
541.60 159.63
568.87 159.60
596.65 159.59
623.88 159.60
651.17 159.60
321.82 186.89
349.53 186.85
376.77 186.88
404.05 186.88
431.73 186.88
459.03 186.85
486.82 186.89
514.02 186.84
541.65 186.83
568.91 186.79
596.67 186.80
623.90 186.81
651.15 186.82
678.93 186.82
706.21 186.78
266.88 214.58
294.63 214.56
321.87 214.56
349.56 214.54
376.78 214.03
404.54 214.01
431.76 214.02
458.99 214.02
486.77 214.00
514.03 214.02
541.63 214.01
568.89 213.99
596.64 213.98
623.91 213.96
651.17 213.93
678.93 213.93
706.19 213.93
733.42 213.92
761.16 213.92
239.60 241.82
266.91 241.79
294.63 241.84
321.85 241.79
349.55 241.82
376.82 241.79
404.59 241.77
431.78 241.76
459.02 241.76
486.81 241.76
514.01 241.73
541.63 241.72
568.91 241.71
596.65 241.72
623.90 241.69
651.17 241.72
678.94 241.67
706.22 241.67
733.40 241.65
761.17 241.65
788.40 241.64
211.88 268.97
239.62 268.99
266.91 268.95
294.66 268.97
321.90 268.95
349.56 268.96
376.82 268.94
404.53 268.95
431.78 268.94
459.52 268.91
486.80 268.88
514.05 268.91
541.65 268.93
568.90 268.93
596.69 268.90
623.95 268.87
651.17 268.88
678.93 268.86
706.23 268.82
733.42 268.79
761.14 268.84
788.39 268.79
816.12 268.77
211.87 296.76
239.64 296.77
266.91 296.74
294.67 296.74
321.88 296.73
349.59 296.69
376.82 296.68
404.57 296.70
431.77 296.69
459.56 296.67
486.82 296.63
514.57 296.65
541.59 296.60
568.92 296.62
596.68 296.63
623.91 296.57
651.18 296.61
678.97 296.57
706.23 296.61
733.44 296.57
761.19 296.58
788.39 296.06
816.09 296.08
184.66 324.01
211.81 324.03
239.63 324.03
266.91 324.02
294.64 324.00
321.88 323.98
349.55 323.98
376.82 323.97
404.59 323.97
431.78 324.00
459.03 323.90
486.79 323.94
514.04 323.91
541.62 323.97
568.94 323.93
596.65 323.93
623.93 323.95
651.19 323.91
678.96 323.93
706.21 323.92
733.46 323.84
761.16 323.96
788.37 323.91
816.17 323.88
843.35 323.85
184.68 351.74
211.94 351.75
239.64 351.70
266.95 351.71
294.66 351.67
321.88 351.73
349.57 351.70
376.82 351.67
404.55 351.67
431.78 351.68
459.02 351.68
486.83 351.63
514.57 351.60
541.59 351.12
568.93 351.58
596.70 351.07
623.96 351.07
651.22 351.63
678.96 351.59
706.28 351.61
733.45 351.61
761.19 351.04
788.41 351.55
816.14 351.05
843.39 351.05
156.97 379.61
184.73 379.59
211.94 379.60
239.64 379.62
266.99 379.57
294.69 379.55
321.94 379.55
349.58 379.57
376.83 379.08
404.58 379.06
431.84 379.05
459.56 379.04
486.83 379.04
514.60 379.04
541.67 379.06
568.94 379.03
596.70 379.00
623.98 379.00
651.24 378.93
678.95 378.94
706.27 378.96
733.47 378.96
761.18 378.93
788.44 378.90
816.16 378.91
843.44 378.93
871.12 378.92
156.99 406.85
184.72 406.85
211.93 406.77
239.67 406.82
266.99 406.76
294.70 406.78
321.94 406.75
349.61 406.73
376.85 406.76
404.58 406.76
431.80 406.72
459.58 406.71
486.82 406.72
514.58 406.68
541.64 406.69
568.97 406.68
596.70 406.70
623.98 406.70
651.24 406.69
678.96 406.64
706.28 406.65
733.45 406.63
761.17 406.64
788.42 406.63
816.16 406.61
843.42 406.59
871.13 406.58
157.00 434.54
184.73 434.06
211.94 434.03
239.66 434.02
266.97 433.99
294.67 434.00
321.91 434.00
349.62 433.99
376.84 433.96
404.58 433.94
431.82 433.96
459.56 433.96
486.86 433.95
514.58 433.93
541.68 433.94
568.98 433.94
596.69 433.94
623.96 433.91
651.24 433.88
679.02 433.87
706.27 433.91
733.45 433.87
761.20 433.86
788.40 433.83
816.19 433.84
843.43 433.85
871.12 433.84
129.82 461.72
157.02 461.73
184.73 461.74
211.96 461.68
239.70 461.71
266.96 461.72
294.72 461.71
321.90 461.71
349.61 461.65
376.89 461.66
404.58 461.68
431.82 461.64
459.59 461.63
486.86 461.66
514.59 461.66
541.71 461.57
569.00 461.60
596.74 461.62
624.00 461.62
651.28 461.59
679.04 461.57
706.29 461.59
733.98 461.60
761.25 461.56
788.43 461.52
816.18 461.08
843.47 461.08
871.13 461.07
898.41 461.06
129.85 488.95
157.00 488.99
184.72 488.94
211.93 488.92
239.70 488.91
266.96 488.92
294.71 488.94
321.95 488.93
349.61 488.90
376.87 488.89
404.63 488.88
431.80 488.86
459.58 488.88
486.87 488.87
514.60 488.84
541.68 488.87
568.97 488.83
596.76 488.83
624.01 488.82
651.24 488.78
679.00 488.80
706.29 488.78
733.46 488.78
761.25 488.78
788.47 488.76
816.18 488.75
843.45 488.76
871.17 488.74
898.43 488.72
129.82 516.66
157.52 516.64
184.70 516.63
211.96 516.65
239.70 516.63
267.02 516.61
294.74 516.60
321.93 516.61
349.63 516.61
376.90 516.65
404.64 516.56
431.84 516.61
459.60 516.59
486.87 516.07
514.62 516.57
541.70 516.08
569.01 516.10
596.73 516.04
624.00 516.05
651.28 516.02
679.06 516.00
706.30 516.03
733.99 516.02
761.21 515.99
788.44 515.99
816.19 515.99
843.44 516.00
871.16 516.00
898.46 515.97
129.84 543.84
157.01 543.86
184.73 543.82
211.94 543.84
239.71 543.82
267.03 543.77
294.69 543.82
321.95 543.80
349.63 543.75
376.90 543.75
404.62 543.75
431.83 543.73
459.60 543.71
486.89 543.68
514.65 543.66
541.72 543.65
568.98 543.66
596.76 543.64
624.02 543.67
651.25 543.67
679.07 543.73
706.29 543.68
734.01 543.66
761.23 543.68
788.45 543.67
816.20 543.63
843.44 543.63
871.18 543.65
898.47 543.61
129.86 571.72
157.53 571.69
184.74 571.68
211.99 571.68
239.72 571.68
266.99 571.65
294.74 571.67
321.96 571.64
349.66 571.65
376.88 571.65
404.64 571.64
431.87 571.64
459.64 571.66
486.87 571.63
514.66 571.64
541.73 571.63
569.02 571.58
596.77 571.60
624.05 571.55
651.27 571.58
679.09 571.56
706.36 571.56
734.02 571.53
761.24 571.56
788.47 571.02
816.19 571.02
843.47 571.51
871.19 570.97
898.48 570.99
157.04 598.91
184.75 598.92
211.98 598.89
239.73 598.86
267.00 598.86
294.74 598.84
321.96 598.86
349.65 598.83
376.91 598.85
404.65 598.85
431.86 598.84
459.63 598.78
486.88 598.83
514.67 598.79
541.76 598.79
569.03 598.80
596.75 598.78
624.04 598.79
651.32 598.81
679.08 598.78
706.34 598.78
734.02 598.75
761.27 598.77
788.48 598.73
816.21 598.76
843.48 598.73
871.17 598.71
157.55 626.32
184.83 626.39
212.00 626.32
239.70 626.27
267.02 626.26
294.76 626.25
321.98 626.23
349.65 626.24
376.89 626.22
404.71 626.20
431.89 626.23
459.63 626.22
486.92 626.21
514.62 626.19
541.73 626.23
569.05 626.22
596.76 626.21
624.05 626.13
651.31 626.22
679.14 626.20
706.16 625.89
734.04 626.13
761.27 626.12
788.51 626.09
816.20 626.10
843.98 626.08
871.20 626.08
157.55 653.98
184.82 653.36
211.99 653.39
239.72 653.44
267.01 653.40
294.76 653.39
321.99 653.39
349.70 653.39
376.93 653.42
404.70 653.39
431.90 653.37
459.67 653.39
486.93 653.38
514.69 653.36
541.79 653.31
569.07 653.34
596.82 653.35
624.05 653.33
651.31 653.29
679.15 653.26
706.33 653.27
734.03 653.31
761.30 653.27
789.01 653.28
816.24 653.27
843.98 653.26
871.24 653.31
184.72 681.10
212.01 681.09
239.77 681.12
267.01 681.11
294.78 681.08
322.00 681.06
349.74 681.10
376.93 681.03
404.69 681.06
431.88 681.05
459.68 681.04
486.92 681.00
514.67 681.06
541.79 681.00
569.56 680.98
596.84 681.04
624.09 681.02
651.34 680.98
679.10 680.99
706.35 681.00
734.04 680.99
761.31 680.95
789.02 680.93
816.23 680.89
844.00 680.92
184.77 708.40
212.03 708.40
239.76 708.39
267.02 708.38
294.76 708.40
322.03 708.39
349.67 708.35
377.00 708.36
404.70 708.38
431.89 708.37
459.69 708.35
486.94 708.33
514.67 708.32
541.80 708.33
569.56 708.33
596.83 708.31
624.11 708.30
651.43 708.33
679.11 708.29
706.36 708.32
734.10 708.29
761.25 708.27
789.04 708.23
816.29 708.23
844.06 708.24
212.53 736.14
239.75 736.14
267.03 736.13
294.80 736.11
322.03 736.09
349.73 736.07
376.95 736.06
404.72 736.09
431.92 736.06
459.72 736.05
486.98 736.03
514.69 736.02
541.81 736.03
569.56 736.00
596.85 735.99
624.11 735.49
651.38 735.46
679.12 735.48
706.46 736.00
734.08 735.49
761.31 735.46
789.03 735.45
816.26 735.44
212.03 763.27
239.78 763.31
267.55 763.31
294.80 763.31
322.00 763.27
349.70 763.25
376.98 763.23
404.71 763.23
431.92 763.23
459.71 763.24
486.92 763.25
514.73 763.23
541.80 763.24
569.59 763.23
596.84 763.26
624.08 763.18
651.31 763.21
679.11 763.20
706.40 763.15
734.08 763.20
761.30 763.21
789.02 763.20
816.27 763.19
239.80 790.96
267.54 790.93
294.81 790.94
322.03 790.95
349.75 790.40
376.96 790.92
404.71 790.42
431.93 790.41
459.70 790.41
486.97 790.39
514.73 790.39
541.82 790.35
569.56 790.38
596.86 790.37
624.09 790.37
651.39 790.36
679.15 790.36
706.39 790.39
734.09 790.35
761.29 790.38
789.04 790.30
267.55 818.28
294.79 818.25
322.03 818.25
349.77 818.24
376.98 818.22
404.75 818.23
431.91 818.19
459.71 818.21
486.96 818.26
514.74 818.20
541.85 818.20
569.58 818.20
596.88 818.18
624.12 818.16
651.37 818.17
679.13 818.15
706.40 818.15
734.10 818.17
761.35 818.17
322.54 845.99
349.75 846.01
377.01 846.02
404.74 846.00
431.97 846.02
459.71 845.99
487.00 845.51
514.76 845.48
541.84 845.46
569.67 845.51
596.85 845.46
624.10 845.47
651.38 845.45
679.15 845.45
706.39 845.46
377.00 873.29
404.74 873.31
431.96 873.31
459.74 873.30
487.00 873.31
514.77 873.28
541.83 873.30
569.65 873.30
596.90 873.37
624.14 873.25
651.38 873.24
459.75 901.10
487.03 901.11
514.77 901.08
541.84 901.07
569.62 901.03
