459.47 133.45
487.24 133.42
514.53 133.47
541.58 133.38
569.36 133.34
377.78 160.67
405.02 160.66
432.22 160.65
459.49 160.66
487.28 160.64
514.50 160.62
541.61 160.61
569.34 160.59
596.66 160.58
623.89 160.58
651.17 160.58
322.87 188.35
350.02 188.32
377.82 188.32
405.04 188.35
432.23 188.34
459.47 188.30
487.28 188.33
514.50 188.26
541.60 188.23
569.40 188.16
596.65 188.22
623.90 188.26
651.16 188.25
678.93 188.25
706.21 188.23
268.42 215.58
295.65 215.57
322.85 215.53
350.01 215.50
377.80 215.49
405.05 215.50
432.26 215.49
459.49 215.48
487.24 215.48
514.51 215.51
541.65 215.48
569.38 215.42
596.65 215.44
623.90 215.43
651.17 215.44
678.96 215.40
706.18 215.45
733.39 215.42
760.64 215.40
240.60 242.79
268.42 242.80
295.63 242.79
322.85 242.78
350.01 242.74
377.82 242.73
405.03 242.71
432.25 242.72
459.52 242.73
487.23 242.71
514.52 242.69
541.61 242.69
569.40 242.64
596.66 242.67
623.90 242.64
651.18 242.65
678.92 242.65
706.23 242.63
733.37 242.60
760.65 242.59
788.38 242.61
213.45 270.58
240.60 270.52
268.44 270.55
295.72 270.55
322.86 270.49
350.06 270.51
377.85 270.47
405.07 270.48
432.25 270.47
459.53 270.45
487.26 270.43
514.56 270.45
541.65 270.45
569.38 270.35
596.67 270.37
623.94 270.40
651.17 270.37
678.93 270.34
706.19 270.35
733.39 270.32
760.65 270.34
788.39 270.34
815.59 270.32
213.39 297.76
240.65 297.72
268.44 297.76
295.67 297.72
322.86 297.66
350.03 297.65
377.77 297.61
405.06 297.61
432.24 297.63
459.53 297.61
487.30 297.56
514.55 297.59
541.62 297.55
569.37 297.56
596.67 297.52
623.91 297.53
651.18 297.56
678.95 297.57
706.22 297.55
733.44 297.54
760.68 297.53
788.37 297.54
815.62 297.54
186.14 325.00
213.38 325.03
240.58 325.03
268.41 325.04
295.58 324.98
322.83 324.97
350.03 324.96
377.80 324.97
405.02 324.94
432.24 324.96
459.51 324.90
487.26 324.87
514.50 324.93
541.63 324.93
569.41 324.90
596.66 324.96
623.92 324.93
651.22 324.90
678.95 324.90
706.20 324.90
733.43 324.86
760.68 324.93
788.37 324.90
815.67 324.84
842.85 324.86
186.21 352.24
213.40 352.24
240.64 352.23
268.43 352.20
295.65 352.20
322.85 352.16
350.01 352.15
377.83 352.13
405.08 352.14
432.23 352.11
459.49 352.11
487.29 352.10
514.57 352.06
541.61 352.05
569.40 352.05
596.69 352.03
623.96 352.02
651.20 352.08
678.94 352.04
706.27 352.10
733.44 352.08
760.65 352.01
788.42 352.01
815.65 352.02
842.86 352.04
158.52 380.10
186.29 380.07
213.43 380.11
240.58 380.08
268.50 380.10
295.64 380.06
322.90 380.06
350.04 380.01
377.84 380.03
405.05 380.02
432.30 380.02
459.55 380.03
487.26 380.01
514.60 379.99
541.67 379.99
569.42 379.95
596.71 379.96
623.95 379.96
651.23 379.92
678.96 379.92
706.26 379.93
733.45 379.95
760.69 379.91
788.39 379.87
815.62 379.87
842.90 379.91
870.61 379.86
158.49 407.38
186.26 407.43
213.43 407.38
240.69 407.39
268.49 407.38
295.66 407.35
322.92 407.31
350.04 407.29
377.85 407.30
405.09 407.31
432.28 407.26
459.58 407.24
487.32 407.28
514.55 407.25
541.63 407.22
569.41 407.20
596.72 407.22
623.94 407.23
651.23 407.24
678.96 407.20
706.29 407.20
733.43 407.18
760.67 407.22
788.44 407.14
815.64 407.15
842.90 407.15
870.64 407.13
158.53 434.55
186.30 434.53
213.43 434.50
240.65 434.50
268.47 434.50
295.66 434.46
322.89 434.48
350.10 434.47
377.87 434.47
405.07 434.43
432.31 434.45
459.54 434.45
487.33 434.41
514.60 434.41
541.70 434.41
569.43 434.41
596.71 434.39
623.96 434.38
651.25 434.35
679.00 434.36
706.26 434.36
733.46 434.36
760.70 434.34
788.39 434.30
815.66 434.29
842.92 434.32
870.67 434.29
131.38 461.77
158.55 461.78
186.27 461.78
213.42 461.72
240.67 461.75
268.49 461.75
295.68 461.75
322.91 461.75
350.06 461.69
377.86 461.68
405.08 461.71
432.29 461.70
459.57 461.67
487.32 461.67
514.61 461.70
541.71 461.62
569.47 461.63
596.71 461.61
623.95 461.66
651.25 461.61
679.01 461.63
706.28 461.62
733.49 461.63
760.75 461.60
788.42 461.57
815.70 461.57
842.97 461.58
870.66 461.57
897.96 461.55
131.40 489.42
158.53 489.42
186.24 489.37
213.43 489.37
240.63 489.36
268.50 489.41
295.71 489.35
322.90 489.33
350.05 489.33
377.86 489.31
405.08 489.31
432.30 489.32
459.58 489.33
487.33 489.29
514.58 489.30
541.69 489.28
569.45 489.25
596.73 489.27
623.98 489.26
651.27 489.25
679.00 489.25
706.30 489.23
733.49 489.24
760.68 489.24
788.42 489.21
815.69 489.17
842.95 489.20
870.66 489.18
897.95 489.16
131.36 516.70
158.59 516.71
186.30 516.72
213.48 516.67
240.66 516.67
268.49 516.66
295.65 516.67
322.93 516.68
350.11 516.67
377.90 516.63
405.15 516.63
432.33 516.66
459.59 516.63
487.36 516.61
514.61 516.63
541.68 516.59
569.48 516.57
596.72 516.57
623.96 516.56
651.27 516.55
679.03 516.53
706.29 516.53
733.49 516.51
760.68 516.52
788.44 516.51
815.72 516.50
842.96 516.54
870.66 516.54
897.95 516.49
131.42 543.91
158.52 543.95
186.29 543.89
213.49 543.90
240.69 543.89
268.49 543.88
295.69 543.86
322.91 543.84
350.09 543.82
377.88 543.81
405.11 543.81
432.33 543.79
459.60 543.78
487.36 543.75
514.65 543.71
541.69 543.71
569.47 543.72
596.75 543.73
624.00 543.70
651.24 543.73
679.06 543.75
706.30 543.74
733.52 543.74
760.74 543.73
788.42 543.71
815.69 543.69
842.96 543.70
870.66 543.68
897.95 543.68
131.37 571.66
158.57 571.66
186.34 571.65
213.50 571.66
240.69 571.65
268.47 571.62
295.70 571.60
322.93 571.59
350.11 571.62
377.88 571.62
405.16 571.58
432.34 571.61
459.60 571.65
487.33 571.57
514.65 571.59
541.72 571.58
569.49 571.53
596.73 571.56
624.05 571.53
651.26 571.53
679.06 571.54
706.33 571.51
733.50 571.51
760.74 571.51
788.45 571.47
815.70 571.45
842.99 571.48
870.70 571.44
897.97 571.44
158.56 598.94
186.29 598.92
213.47 598.89
240.70 598.86
268.49 598.88
295.71 598.88
322.93 598.86
350.11 598.87
377.90 598.87
405.11 598.83
432.33 598.83
459.60 598.80
487.37 598.80
514.67 598.79
541.74 598.81
569.49 598.81
596.75 598.80
624.04 598.80
651.31 598.80
679.06 598.78
706.32 598.76
733.53 598.78
760.73 598.78
788.45 598.77
815.70 598.75
842.98 598.73
870.69 598.70
158.59 626.29
186.51 626.39
213.47 626.29
240.69 626.29
268.51 626.26
295.79 626.27
322.98 626.24
350.11 626.26
377.94 626.28
405.20 626.22
432.34 626.23
459.66 626.22
487.37 626.24
514.62 626.21
541.71 626.23
569.50 626.21
596.77 626.21
624.05 626.15
651.28 626.20
679.11 626.18
706.11 625.90
733.49 626.12
760.75 626.11
788.46 626.06
815.71 626.10
842.98 626.10
870.70 626.07
158.57 653.50
186.46 653.39
213.53 653.45
240.71 653.47
268.49 653.44
295.73 653.43
322.95 653.43
350.19 653.43
377.93 653.46
405.20 653.45
432.39 653.38
459.66 653.42
487.40 653.42
514.68 653.37
541.77 653.36
569.53 653.38
596.78 653.37
624.05 653.38
651.30 653.32
679.14 653.27
706.30 653.30
733.50 653.30
760.76 653.29
788.51 653.27
815.72 653.29
842.99 653.26
870.71 653.28
186.30 681.16
213.52 681.12
240.74 681.16
268.52 681.18
295.76 681.15
322.98 681.15
350.23 681.15
377.94 681.10
405.15 681.11
432.37 681.12
459.63 681.10
487.41 681.08
514.65 681.13
541.79 681.06
569.57 681.08
596.81 681.07
624.09 681.05
651.32 681.04
679.07 681.04
706.34 681.02
733.52 681.04
760.79 680.99
788.50 681.01
815.71 680.96
842.99 680.99
186.29 708.41
213.51 708.44
240.73 708.41
268.53 708.39
295.75 708.41
322.98 708.38
350.13 708.39
377.98 708.39
405.17 708.36
432.40 708.37
459.65 708.37
487.40 708.37
514.67 708.35
541.80 708.32
569.53 708.33
596.80 708.34
624.07 708.34
651.39 708.34
679.07 708.27
706.36 708.29
733.57 708.30
760.75 708.28
788.50 708.24
815.74 708.24
843.02 708.23
213.55 735.60
240.70 735.62
268.55 735.57
295.79 735.57
323.00 735.58
350.20 735.59
377.91 735.55
405.18 735.57
432.39 735.55
459.69 735.54
487.42 735.51
514.67 735.51
541.79 735.49
569.52 735.51
596.83 735.51
624.07 735.44
651.35 735.44
679.09 735.47
706.44 735.50
733.56 735.45
760.77 735.42
788.50 735.43
815.76 735.45
213.56 762.78
240.72 762.82
268.52 762.78
295.79 762.80
323.01 762.78
350.17 762.76
377.97 762.74
405.20 762.75
432.40 762.71
459.69 762.75
487.39 762.75
514.73 762.73
541.78 762.73
569.54 762.75
596.82 762.77
624.10 762.69
651.32 762.72
679.09 762.70
706.39 762.69
733.57 762.68
760.80 762.66
788.50 762.65
815.76 762.64
240.75 790.49
268.58 790.49
295.81 790.50
322.99 790.51
350.20 790.50
377.98 790.48
405.21 790.48
432.41 790.45
459.72 790.42
487.42 790.42
514.73 790.43
541.80 790.42
569.56 790.42
596.84 790.42
624.07 790.42
651.35 790.42
679.11 790.39
706.37 790.41
733.55 790.38
760.77 790.38
788.51 790.36
268.57 817.77
295.78 817.74
322.98 817.77
350.19 817.79
377.98 817.75
405.20 817.76
432.40 817.69
459.71 817.75
487.43 817.77
514.71 817.75
541.80 817.70
569.57 817.74
596.85 817.71
624.10 817.69
651.37 817.66
679.14 817.66
706.39 817.67
733.56 817.69
760.78 817.68
323.03 845.01
350.23 844.99
377.98 845.00
405.22 844.97
432.42 845.01
459.68 844.99
487.44 844.97
514.76 844.92
541.79 844.95
569.64 844.96
596.85 844.93
624.11 844.92
651.35 844.93
679.12 844.94
706.39 844.92
377.99 872.83
405.22 872.81
432.43 872.78
459.71 872.80
487.45 872.83
514.74 872.82
541.79 872.82
569.63 872.84
596.91 872.84
624.11 872.71
651.35 872.75
459.71 900.15
487.47 900.14
514.77 900.13
541.81 900.07
569.58 900.07
