460.00 135.00
488.00 135.01
514.99 135.01
541.99 135.01
570.00 135.01
379.00 162.01
406.01 162.01
433.00 162.01
460.00 162.01
488.00 162.00
514.99 162.01
542.00 162.00
570.00 162.00
597.00 162.00
624.00 162.00
651.00 162.00
324.00 190.01
351.00 190.01
379.00 190.00
406.00 190.01
433.00 190.00
460.00 190.00
488.01 190.00
514.99 190.01
542.00 190.00
570.00 190.00
597.00 190.00
623.99 190.00
651.00 190.00
679.00 190.00
706.00 190.00
270.01 217.01
297.00 217.00
324.00 217.00
350.99 217.00
379.00 217.00
406.01 217.00
433.00 217.00
459.99 216.99
487.99 217.00
514.99 216.99
541.99 216.99
570.00 217.00
597.00 216.99
623.99 217.00
651.00 216.99
679.00 216.99
705.99 216.99
732.99 217.00
759.99 217.00
242.01 244.00
270.01 244.01
297.00 244.00
324.00 244.00
351.00 244.00
379.00 244.01
406.01 244.00
433.00 244.00
460.00 244.00
488.00 244.01
514.99 244.00
541.99 244.00
569.99 244.01
596.99 244.00
624.00 244.00
651.00 244.01
679.00 244.00
705.99 244.00
732.99 244.00
759.99 244.00
788.00 244.00
215.01 272.01
242.01 272.01
270.01 272.00
297.00 272.00
324.00 272.00
351.00 272.00
378.99 272.00
406.00 272.00
433.00 271.99
459.99 272.00
488.00 272.00
514.99 272.00
541.99 272.00
570.00 272.00
597.00 272.00
624.00 271.99
651.00 272.00
679.00 272.00
705.99 272.01
732.99 272.00
759.99 272.00
787.99 272.00
815.00 272.00
215.01 299.01
242.01 299.01
270.01 299.01
297.00 299.01
324.00 299.01
351.00 299.00
379.00 299.01
406.01 299.01
433.00 299.01
460.00 299.01
488.00 299.01
514.99 299.01
541.99 299.01
570.00 299.01
597.00 299.01
624.00 299.01
650.99 299.00
679.01 299.01
705.99 299.00
732.99 299.00
759.99 299.01
787.99 299.00
815.00 299.01
188.00 326.01
215.00 326.01
242.01 326.01
270.01 326.01
297.01 326.01
324.00 326.01
351.00 326.01
379.00 326.01
406.00 326.01
433.01 326.01
460.00 326.01
488.00 326.01
514.99 326.01
541.99 326.01
570.00 326.01
597.00 326.01
623.99 326.01
651.00 326.00
679.01 326.01
705.99 326.01
732.99 326.01
759.99 326.01
787.99 326.01
814.99 326.00
842.00 326.00
188.00 353.01
215.00 353.01
242.01 353.01
270.01 353.01
297.00 353.01
324.00 353.01
350.99 353.01
379.00 353.02
406.01 353.02
433.00 353.01
460.00 353.01
488.00 353.02
514.99 353.01
541.99 353.02
570.00 353.01
597.00 353.01
623.99 353.01
651.00 353.01
679.00 353.01
705.99 353.01
732.99 353.01
759.98 353.01
787.99 353.01
815.00 353.01
842.00 353.01
160.01 381.01
188.00 381.01
215.01 381.00
242.01 381.00
270.01 381.00
297.01 381.00
323.99 381.00
351.00 381.00
379.00 381.00
406.01 381.00
433.00 381.00
459.99 381.01
488.00 381.01
514.99 381.01
541.99 381.01
570.00 381.00
597.00 381.00
624.00 381.01
650.99 381.01
679.01 381.01
706.00 381.01
732.99 381.00
759.99 381.00
788.00 381.00
815.00 381.00
842.00 381.00
870.00 381.00
160.00 408.00
188.00 408.00
215.00 408.01
242.01 408.00
270.01 408.01
297.00 408.00
323.99 408.01
351.00 408.00
379.00 408.00
406.00 408.00
433.00 408.00
459.99 408.00
487.99 408.01
514.99 408.00
542.00 408.01
569.99 408.01
596.99 408.01
623.99 408.00
650.99 408.01
679.00 408.01
706.00 408.00
732.99 408.00
759.99 408.00
787.99 408.00
814.99 408.00
841.99 408.00
869.99 408.00
160.01 435.00
188.00 435.00
215.00 435.00
242.01 435.00
270.01 435.00
297.00 435.00
324.00 435.00
351.00 435.00
379.00 435.00
406.01 435.00
433.00 435.00
460.00 434.99
488.01 435.00
514.98 435.00
542.00 435.00
569.99 435.00
596.99 434.99
623.99 435.00
650.99 435.00
679.00 435.00
705.99 435.00
732.99 435.00
759.99 435.00
787.99 434.99
815.00 435.00
841.99 435.00
869.99 435.00
133.01 462.00
160.00 462.00
188.00 462.00
215.00 461.99
242.01 462.00
270.01 462.00
297.00 461.99
324.00 462.00
351.00 461.99
379.00 461.99
406.00 461.99
433.00 461.99
460.00 461.99
488.00 461.99
514.99 461.98
541.99 461.99
570.00 461.99
597.00 461.99
623.99 461.99
651.00 461.99
679.00 461.99
705.99 461.99
732.99 461.99
759.99 461.99
787.99 461.99
815.00 461.99
841.99 462.00
869.99 461.99
896.99 461.99
133.01 490.00
160.00 490.00
188.00 490.01
215.00 490.01
242.01 490.01
270.01 490.01
297.00 490.01
324.00 490.01
351.00 490.01
379.00 490.01
406.01 490.01
433.00 490.01
459.99 490.01
488.00 490.02
514.99 490.01
542.00 490.01
569.99 490.00
597.00 490.00
624.00 490.00
650.99 490.00
679.00 490.01
706.00 490.01
732.98 490.01
759.99 490.01
787.99 490.01
815.00 490.01
842.00 490.01
870.00 490.00
896.99 490.00
133.01 517.00
160.01 517.00
188.00 517.00
215.01 517.00
242.01 517.00
270.01 517.00
297.00 517.00
323.99 517.01
351.00 517.00
379.00 517.00
406.01 517.00
433.00 517.00
459.99 517.00
488.00 517.00
514.99 517.00
542.00 517.00
570.00 517.00
597.00 517.00
624.00 517.00
651.00 517.00
679.00 517.00
705.99 517.00
732.99 517.00
759.99 517.00
787.99 517.01
814.99 517.00
841.99 517.00
870.00 517.01
896.99 517.00
133.01 544.01
160.01 544.01
188.01 544.01
215.01 544.00
242.01 544.01
270.01 544.01
297.00 544.01
324.00 544.01
350.99 544.01
379.00 544.00
406.00 544.01
433.01 544.00
459.99 544.01
488.00 544.01
514.98 544.01
542.00 544.01
570.00 544.01
597.00 544.00
623.99 544.00
651.00 544.00
679.00 544.01
705.99 544.01
732.99 544.01
759.99 544.01
787.99 544.01
815.00 544.00
842.00 544.01
870.00 544.00
897.00 544.01
133.01 572.01
160.00 572.00
188.00 572.01
215.00 572.00
242.01 572.00
270.01 572.00
297.00 572.00
324.00 572.00
350.99 572.00
379.01 572.01
406.01 572.00
433.00 572.00
460.00 572.00
488.00 572.00
514.98 572.00
541.99 572.00
569.99 572.00
597.00 572.00
623.99 571.99
651.00 572.00
679.00 571.99
705.99 572.00
732.99 572.00
759.99 572.00
787.99 572.00
815.00 572.00
841.99 572.00
870.00 572.00
896.99 572.00
160.00 599.00
188.00 598.99
215.01 599.00
242.01 599.00
270.01 599.00
297.00 598.99
324.00 599.00
350.99 599.00
379.00 599.00
406.00 599.00
433.00 598.99
459.99 599.00
488.00 599.00
514.99 599.00
541.99 599.00
570.00 599.00
597.00 598.99
623.99 598.99
651.00 599.00
679.00 599.00
705.99 599.00
732.99 599.00
759.99 598.99
787.99 598.99
815.00 598.99
841.99 598.99
870.00 598.99
160.00 625.99
188.00 625.99
215.00 626.00
242.00 625.99
270.01 626.00
297.00 626.00
323.99 625.99
351.00 626.00
379.00 625.99
406.00 626.00
433.00 626.00
459.99 625.99
487.99 625.99
514.99 626.00
542.00 626.00
570.00 626.00
597.00 626.00
624.00 626.00
651.00 626.00
679.01 626.00
706.00 625.99
732.99 625.99
759.99 625.99
787.99 625.99
815.00 625.99
841.99 626.00
869.99 625.99
160.00 653.00
187.99 652.99
215.00 653.00
242.00 653.00
270.01 653.00
297.00 653.00
324.00 653.00
350.99 652.99
379.00 652.99
406.00 653.00
433.00 652.99
459.99 652.99
488.00 652.99
514.98 652.99
541.99 652.99
569.99 652.99
596.99 652.99
623.99 652.99
651.00 653.00
678.99 653.00
706.00 652.99
732.99 653.00
759.99 653.00
787.99 653.00
815.00 652.99
842.00 652.99
870.00 652.99
188.00 680.99
215.00 681.00
242.01 680.99
270.01 680.99
297.00 680.99
324.00 680.99
350.99 680.98
379.00 680.99
406.00 680.99
433.00 680.99
460.00 680.99
488.00 680.99
514.98 680.99
541.99 680.99
570.00 681.00
597.00 680.99
623.99 680.99
650.99 680.99
679.00 680.99
706.00 680.99
732.99 680.99
759.99 680.99
787.99 681.00
814.99 681.00
842.00 680.99
188.00 707.99
215.00 707.99
242.00 707.99
270.01 707.98
297.00 707.99
324.00 707.99
350.99 707.99
379.00 707.99
406.01 707.98
433.00 707.98
459.99 707.99
488.00 707.99
514.99 707.98
541.99 707.98
569.99 707.99
597.00 707.98
624.00 707.99
651.00 707.99
679.00 707.99
705.99 707.99
732.99 707.99
759.98 707.99
787.99 707.99
815.00 707.99
842.00 708.00
215.00 734.99
242.01 734.99
270.01 734.99
297.01 734.99
324.00 734.99
350.99 735.00
379.00 735.00
406.00 734.99
433.00 734.99
460.00 735.00
488.00 735.00
514.98 735.00
541.99 735.00
570.00 735.00
597.00 735.00
623.99 734.99
651.00 734.99
678.99 735.00
705.99 735.00
732.99 735.00
759.99 734.99
788.00 734.99
815.00 735.00
215.01 762.00
242.01 761.99
270.01 762.00
297.00 761.99
324.00 762.00
350.99 762.00
379.00 761.99
406.00 761.99
433.00 762.00
460.00 762.00
488.00 761.99
514.98 761.99
541.99 761.99
570.00 762.00
597.00 762.00
623.99 761.99
651.00 762.00
679.00 762.00
705.99 762.00
732.99 761.99
759.99 762.00
787.99 762.00
815.00 762.00
242.01 789.99
270.01 790.00
297.00 789.99
324.00 790.00
351.00 790.00
379.00 789.99
406.00 790.00
433.00 790.00
460.00 790.00
488.00 790.00
514.98 790.00
542.00 790.00
569.99 790.00
596.99 790.01
624.00 790.00
651.00 790.00
679.00 790.00
705.99 790.00
732.99 789.99
759.99 790.00
788.00 790.00
270.01 817.00
297.00 817.00
324.00 817.01
350.99 817.00
379.00 817.00
406.01 817.00
433.01 817.00
460.00 817.01
488.00 817.00
514.98 817.01
541.99 817.01
569.99 817.00
597.00 817.00
623.99 817.01
651.00 817.00
679.00 817.00
705.99 817.01
732.99 817.01
760.00 817.00
324.00 844.00
350.99 844.00
379.00 843.99
406.00 843.99
433.00 843.99
460.00 844.00
488.00 843.99
514.99 843.99
541.99 843.99
570.00 843.99
596.99 844.00
624.00 843.99
651.00 843.99
679.00 843.99
705.99 843.99
379.00 871.99
406.00 871.99
433.00 872.00
460.00 871.99
487.99 871.99
514.99 871.99
541.99 871.99
569.99 871.99
597.00 871.99
624.00 872.00
651.00 872.00
459.99 899.00
488.00 898.99
514.99 898.99
541.99 899.00
570.00 898.99
