459.26 132.83
486.96 132.71
514.30 132.84
541.53 132.82
569.21 132.74
377.22 159.88
404.60 160.00
431.94 160.05
459.30 160.11
486.98 160.04
514.32 160.06
541.53 160.06
569.23 160.05
596.59 160.09
623.88 160.03
651.20 159.96
322.24 187.58
349.66 187.67
377.20 187.51
404.57 187.64
431.97 187.73
459.34 187.75
487.02 187.73
514.29 187.75
541.60 187.74
569.24 187.70
596.57 187.70
623.89 187.70
651.21 187.66
678.89 187.67
706.22 187.67
267.50 214.73
294.85 214.75
322.27 214.87
349.68 214.99
377.21 214.80
404.62 214.92
431.98 215.00
459.33 215.02
486.95 214.89
514.30 215.02
541.59 215.04
569.23 214.96
596.58 215.00
623.92 215.00
651.21 214.92
678.87 214.90
706.20 214.92
733.55 214.87
760.86 214.84
239.90 242.17
267.55 242.10
294.90 242.14
322.31 242.18
349.71 242.28
377.25 242.15
404.64 242.25
432.02 242.31
459.38 242.36
487.01 242.28
514.36 242.32
541.60 242.33
569.30 242.28
596.62 242.31
623.90 242.26
651.22 242.19
678.89 242.21
706.24 242.22
733.53 242.15
760.86 242.13
788.51 242.17
212.45 269.58
239.91 269.75
267.50 269.66
294.92 269.70
322.32 269.77
349.70 269.91
377.28 269.77
404.64 269.83
432.02 269.96
459.35 270.01
487.00 269.93
514.35 269.98
541.60 269.99
569.29 269.91
596.62 269.96
623.93 269.91
651.24 269.91
678.91 269.89
706.24 269.85
733.56 269.76
760.90 269.79
788.55 269.78
815.83 269.74
212.41 296.94
240.00 297.12
267.52 297.02
294.97 297.10
322.36 297.17
349.73 297.28
377.31 297.12
404.69 297.20
432.04 297.27
459.40 297.32
487.02 297.17
514.40 297.26
541.61 297.25
569.31 297.25
596.61 297.23
623.94 297.22
651.27 297.18
678.95 297.18
706.26 297.15
733.57 297.13
760.90 297.08
788.54 297.11
815.85 297.08
185.17 324.44
212.42 324.44
239.97 324.55
267.61 324.52
294.95 324.48
322.41 324.57
349.73 324.63
377.31 324.57
404.74 324.59
432.03 324.64
459.40 324.66
487.05 324.58
514.38 324.67
541.60 324.63
569.29 324.61
596.60 324.66
623.94 324.63
651.25 324.59
678.93 324.58
706.26 324.56
733.64 324.46
760.88 324.55
788.51 324.54
815.88 324.50
843.11 324.45
185.30 351.82
212.65 351.85
240.06 351.88
267.71 351.86
295.06 351.85
322.46 351.91
349.80 351.94
377.41 351.85
404.78 351.90
432.12 351.95
459.42 351.95
487.09 351.85
514.45 351.91
541.65 351.90
569.35 351.87
596.63 351.86
623.97 351.82
651.25 351.86
678.93 351.84
706.27 351.82
733.56 351.82
760.84 351.80
788.53 351.78
815.84 351.75
843.14 351.73
157.69 379.53
185.28 379.42
212.56 379.41
240.03 379.50
267.70 379.53
295.03 379.50
322.43 379.59
349.80 379.64
377.39 379.50
404.76 379.60
432.10 379.64
459.43 379.65
487.09 379.60
514.44 379.62
541.66 379.60
569.35 379.58
596.65 379.61
623.97 379.55
651.30 379.50
678.95 379.54
706.30 379.52
733.58 379.48
760.90 379.48
788.57 379.47
815.86 379.44
843.24 379.43
870.86 379.41
157.75 406.98
185.38 406.93
212.65 406.91
240.11 406.99
267.79 406.92
295.08 406.93
322.48 406.95
349.84 406.98
377.44 406.92
404.81 406.99
432.13 406.99
459.47 407.00
487.12 406.95
514.44 406.98
541.69 406.96
569.38 406.92
596.70 406.97
623.97 406.93
651.31 406.92
678.96 406.89
706.28 406.87
733.55 406.88
760.87 406.85
788.53 406.85
815.86 406.81
843.17 406.82
870.84 406.77
157.84 434.31
185.37 434.27
212.64 434.25
240.20 434.32
267.80 434.29
295.18 434.30
322.53 434.30
349.83 434.34
377.50 434.28
404.84 434.29
432.16 434.30
459.49 434.33
487.16 434.27
514.49 434.30
541.69 434.29
569.41 434.25
596.69 434.25
624.00 434.27
651.30 434.22
679.01 434.20
706.33 434.21
733.60 434.16
760.88 434.18
788.55 434.16
815.86 434.14
843.18 434.13
870.83 434.15
130.39 461.61
157.90 461.63
185.45 461.62
212.74 461.56
240.22 461.63
267.80 461.60
295.18 461.60
322.59 461.62
349.89 461.59
377.50 461.58
404.83 461.59
432.17 461.57
459.52 461.57
487.20 461.59
514.54 461.59
541.73 461.56
569.45 461.53
596.71 461.53
623.98 461.54
651.32 461.51
679.00 461.50
706.33 461.51
733.61 461.50
760.89 461.46
788.55 461.44
815.85 461.43
843.16 461.43
870.85 461.40
898.10 461.40
130.40 489.14
157.85 489.24
185.40 489.13
212.76 489.20
240.10 489.16
267.76 489.16
295.20 489.21
322.59 489.23
349.90 489.24
377.50 489.17
404.87 489.20
432.15 489.20
459.51 489.25
487.17 489.20
514.48 489.23
541.69 489.19
569.46 489.18
596.72 489.19
624.02 489.17
651.32 489.12
679.02 489.13
706.31 489.09
733.62 489.11
760.93 489.08
788.58 489.07
815.89 489.06
843.19 489.05
870.85 489.01
898.15 489.02
130.41 516.52
157.93 516.55
185.36 516.47
212.77 516.54
240.22 516.54
267.85 516.50
295.21 516.54
322.58 516.55
349.91 516.56
377.55 516.53
404.90 516.54
432.19 516.55
459.55 516.54
487.19 516.51
514.51 516.51
541.72 516.50
569.45 516.48
596.72 516.49
624.01 516.46
651.33 516.40
679.03 516.43
706.33 516.43
733.60 516.41
760.91 516.42
788.59 516.39
815.89 516.40
843.19 516.39
870.84 516.36
898.13 516.34
130.42 543.86
157.89 543.85
185.44 543.86
212.80 543.83
240.26 543.85
267.88 543.85
295.27 543.84
322.62 543.81
349.93 543.82
377.56 543.79
404.90 543.82
432.18 543.77
459.56 543.78
487.22 543.71
514.49 543.74
541.74 543.72
569.47 543.72
596.75 543.73
624.05 543.70
651.33 543.69
679.07 543.70
706.34 543.70
733.61 543.70
760.90 543.66
788.56 543.66
815.89 543.63
843.19 543.64
870.85 543.64
898.15 543.62
130.35 571.53
157.93 571.56
185.43 571.50
212.84 571.52
240.23 571.56
267.88 571.54
295.28 571.53
322.62 571.53
349.97 571.55
377.57 571.55
404.89 571.56
432.22 571.58
459.56 571.56
487.22 571.53
514.57 571.51
541.76 571.51
569.44 571.51
596.75 571.46
624.08 571.46
651.35 571.44
679.04 571.44
706.37 571.42
733.63 571.39
760.94 571.40
788.57 571.37
815.89 571.35
843.21 571.37
870.87 571.35
898.18 571.33
157.97 598.91
185.45 598.87
212.81 598.88
240.27 598.87
267.90 598.84
295.28 598.84
322.67 598.86
349.96 598.86
377.58 598.85
404.90 598.84
432.22 598.83
459.57 598.82
487.24 598.80
514.55 598.81
541.76 598.78
569.48 598.78
596.76 598.78
624.10 598.77
651.37 598.76
679.04 598.75
706.35 598.73
733.65 598.71
760.95 598.71
788.59 598.71
815.89 598.69
843.21 598.68
870.86 598.66
157.99 626.28
185.78 626.37
212.85 626.23
240.26 626.22
267.91 626.22
295.28 626.22
322.66 626.18
350.00 626.15
377.63 626.15
405.04 626.13
432.23 626.11
459.60 626.11
487.27 626.13
514.56 626.12
541.80 626.12
569.51 626.10
596.77 626.06
624.07 626.02
651.33 626.11
679.10 626.04
706.19 625.58
733.66 626.02
760.94 626.02
788.62 625.97
815.89 626.00
843.21 625.97
870.86 625.94
157.96 653.67
185.71 653.56
212.79 653.58
240.29 653.59
267.90 653.57
295.25 653.54
322.64 653.49
349.99 653.47
377.63 653.52
404.96 653.50
432.25 653.43
459.59 653.43
487.28 653.44
514.59 653.40
541.81 653.39
569.51 653.38
596.76 653.39
624.10 653.39
651.39 653.37
679.10 653.33
706.38 653.34
733.67 653.33
760.97 653.31
788.62 653.33
815.91 653.29
843.23 653.27
870.94 653.29
185.48 681.21
212.93 681.16
240.33 681.15
267.94 681.17
295.32 681.14
322.69 681.12
350.03 681.15
377.66 681.08
404.98 681.08
432.27 681.08
459.61 681.07
487.27 681.05
514.55 681.11
541.83 681.04
569.54 681.03
596.82 681.05
624.11 681.00
651.41 680.98
679.12 681.00
706.37 680.99
733.68 680.96
760.96 680.98
788.63 680.95
815.92 680.92
843.25 680.91
185.57 708.56
212.86 708.54
240.27 708.49
267.95 708.49
295.37 708.50
322.66 708.45
350.00 708.44
377.62 708.43
404.98 708.42
432.28 708.40
459.61 708.37
487.28 708.36
514.58 708.36
541.83 708.34
569.54 708.34
596.80 708.32
624.13 708.35
651.45 708.33
679.09 708.28
706.38 708.27
733.72 708.29
760.96 708.27
788.65 708.27
815.93 708.23
843.28 708.24
212.86 735.93
240.24 735.88
267.88 735.86
295.30 735.82
322.68 735.77
350.01 735.74
377.63 735.77
405.00 735.69
432.29 735.68
459.62 735.66
487.29 735.68
514.59 735.67
541.83 735.63
569.55 735.63
596.81 735.61
624.13 735.60
651.42 735.61
679.14 735.60
706.48 735.62
733.72 735.58
760.99 735.56
788.69 735.57
815.96 735.53
212.82 763.28
240.26 763.19
267.88 763.22
295.29 763.19
322.70 763.09
350.00 763.01
377.60 763.07
404.99 763.04
432.30 763.00
459.63 762.98
487.29 763.01
514.62 762.94
541.82 762.95
569.55 762.94
596.82 762.95
624.15 762.94
651.43 762.96
679.11 762.91
706.44 762.91
733.74 762.97
761.02 762.92
788.69 762.91
815.98 762.88
240.33 790.73
268.01 790.76
295.35 790.73
322.69 790.69
350.04 790.65
377.67 790.64
404.99 790.64
432.29 790.60
459.65 790.59
487.31 790.56
514.62 790.57
541.82 790.56
569.55 790.57
596.83 790.55
624.14 790.53
651.43 790.56
679.13 790.52
706.42 790.55
733.72 790.51
761.00 790.54
788.68 790.49
267.94 818.15
295.32 818.08
322.69 818.04
350.01 818.00
377.67 818.02
405.01 817.99
432.29 817.90
459.65 817.91
487.31 817.95
514.62 817.88
541.83 817.90
569.56 817.87
596.87 817.88
624.14 817.89
651.47 817.87
679.15 817.86
706.45 817.84
733.74 817.85
761.03 817.84
322.70 845.39
350.03 845.31
377.63 845.43
405.00 845.33
432.29 845.29
459.65 845.23
487.31 845.29
514.63 845.24
541.82 845.25
569.56 845.24
596.87 845.23
624.17 845.24
651.50 845.25
679.14 845.23
706.46 845.20
377.69 873.04
405.01 872.99
432.33 872.97
459.67 872.93
487.35 872.93
514.66 872.93
541.85 872.90
569.59 872.91
596.93 872.97
624.14 872.89
651.45 872.88
459.67 900.31
487.34 900.31
514.66 900.28
541.87 900.23
569.59 900.22
