460.455 135.182
487.727 135.182
515.000 135.182
542.273 135.182
569.545 135.182
378.636 162.455
405.909 162.455
433.182 162.455
460.455 162.455
487.727 162.455
515.000 162.455
542.273 162.455
569.545 162.455
596.818 162.455
624.091 162.455
651.364 162.455
324.091 189.727
351.364 189.727
378.636 189.727
405.909 189.727
433.182 189.727
460.455 189.727
487.727 189.727
515.000 189.727
542.273 189.727
569.545 189.727
596.818 189.727
624.091 189.727
651.364 189.727
678.636 189.727
705.909 189.727
269.545 217.000
296.818 217.000
324.091 217.000
351.364 217.000
378.636 217.000
405.909 217.000
433.182 217.000
460.455 217.000
487.727 217.000
515.000 217.000
542.273 217.000
569.545 217.000
596.818 217.000
624.091 217.000
651.364 217.000
678.636 217.000
705.909 217.000
733.182 217.000
760.455 217.000
242.273 244.273
269.545 244.273
296.818 244.273
324.091 244.273
351.364 244.273
378.636 244.273
405.909 244.273
433.182 244.273
460.455 244.273
487.727 244.273
515.000 244.273
542.273 244.273
569.545 244.273
596.818 244.273
624.091 244.273
651.364 244.273
678.636 244.273
705.909 244.273
733.182 244.273
760.455 244.273
787.727 244.273
215.000 271.545
242.273 271.545
269.545 271.545
296.818 271.545
324.091 271.545
351.364 271.545
378.636 271.545
405.909 271.545
433.182 271.545
460.455 271.545
487.727 271.545
515.000 271.545
542.273 271.545
569.545 271.545
596.818 271.545
624.091 271.545
651.364 271.545
678.636 271.545
705.909 271.545
733.182 271.545
760.455 271.545
787.727 271.545
815.000 271.545
215.000 298.818
242.273 298.818
269.545 298.818
296.818 298.818
324.091 298.818
351.364 298.818
378.636 298.818
405.909 298.818
433.182 298.818
460.455 298.818
487.727 298.818
515.000 298.818
542.273 298.818
569.545 298.818
596.818 298.818
624.091 298.818
651.364 298.818
678.636 298.818
705.909 298.818
733.182 298.818
760.455 298.818
787.727 298.818
815.000 298.818
187.727 326.091
215.000 326.091
242.273 326.091
269.545 326.091
296.818 326.091
324.091 326.091
351.364 326.091
378.636 326.091
405.909 326.091
433.182 326.091
460.455 326.091
487.727 326.091
515.000 326.091
542.273 326.091
569.545 326.091
596.818 326.091
624.091 326.091
651.364 326.091
678.636 326.091
705.909 326.091
733.182 326.091
760.455 326.091
787.727 326.091
815.000 326.091
842.273 326.091
187.727 353.364
215.000 353.364
242.273 353.364
269.545 353.364
296.818 353.364
324.091 353.364
351.364 353.364
378.636 353.364
405.909 353.364
433.182 353.364
460.455 353.364
487.727 353.364
515.000 353.364
542.273 353.364
569.545 353.364
596.818 353.364
624.091 353.364
651.364 353.364
678.636 353.364
705.909 353.364
733.182 353.364
760.455 353.364
787.727 353.364
815.000 353.364
842.273 353.364
160.455 380.636
187.727 380.636
215.000 380.636
242.273 380.636
269.545 380.636
296.818 380.636
324.091 380.636
351.364 380.636
378.636 380.636
405.909 380.636
433.182 380.636
460.455 380.636
487.727 380.636
515.000 380.636
542.273 380.636
569.545 380.636
596.818 380.636
624.091 380.636
651.364 380.636
678.636 380.636
705.909 380.636
733.182 380.636
760.455 380.636
787.727 380.636
815.000 380.636
842.273 380.636
869.545 380.636
160.455 407.909
187.727 407.909
215.000 407.909
242.273 407.909
269.545 407.909
296.818 407.909
324.091 407.909
351.364 407.909
378.636 407.909
405.909 407.909
433.182 407.909
460.455 407.909
487.727 407.909
515.000 407.909
542.273 407.909
569.545 407.909
596.818 407.909
624.091 407.909
651.364 407.909
678.636 407.909
705.909 407.909
733.182 407.909
760.455 407.909
787.727 407.909
815.000 407.909
842.273 407.909
869.545 407.909
160.455 435.182
187.727 435.182
215.000 435.182
242.273 435.182
269.545 435.182
296.818 435.182
324.091 435.182
351.364 435.182
378.636 435.182
405.909 435.182
433.182 435.182
460.455 435.182
487.727 435.182
515.000 435.182
542.273 435.182
569.545 435.182
596.818 435.182
624.091 435.182
651.364 435.182
678.636 435.182
705.909 435.182
733.182 435.182
760.455 435.182
787.727 435.182
815.000 435.182
842.273 435.182
869.545 435.182
133.182 462.455
160.455 462.455
187.727 462.455
215.000 462.455
242.273 462.455
269.545 462.455
296.818 462.455
324.091 462.455
351.364 462.455
378.636 462.455
405.909 462.455
433.182 462.455
460.455 462.455
487.727 462.455
515.000 462.455
542.273 462.455
569.545 462.455
596.818 462.455
624.091 462.455
651.364 462.455
678.636 462.455
705.909 462.455
733.182 462.455
760.455 462.455
787.727 462.455
815.000 462.455
842.273 462.455
869.545 462.455
896.818 462.455
133.182 489.727
160.455 489.727
187.727 489.727
215.000 489.727
242.273 489.727
269.545 489.727
296.818 489.727
324.091 489.727
351.364 489.727
378.636 489.727
405.909 489.727
433.182 489.727
460.455 489.727
487.727 489.727
515.000 489.727
542.273 489.727
569.545 489.727
596.818 489.727
624.091 489.727
651.364 489.727
678.636 489.727
705.909 489.727
733.182 489.727
760.455 489.727
787.727 489.727
815.000 489.727
842.273 489.727
869.545 489.727
896.818 489.727
133.182 517.000
160.455 517.000
187.727 517.000
215.000 517.000
242.273 517.000
269.545 517.000
296.818 517.000
324.091 517.000
351.364 517.000
378.636 517.000
405.909 517.000
433.182 517.000
460.455 517.000
487.727 517.000
515.000 517.000
542.273 517.000
569.545 517.000
596.818 517.000
624.091 517.000
651.364 517.000
678.636 517.000
705.909 517.000
733.182 517.000
760.455 517.000
787.727 517.000
815.000 517.000
842.273 517.000
869.545 517.000
896.818 517.000
133.182 544.273
160.455 544.273
187.727 544.273
215.000 544.273
242.273 544.273
269.545 544.273
296.818 544.273
324.091 544.273
351.364 544.273
378.636 544.273
405.909 544.273
433.182 544.273
460.455 544.273
487.727 544.273
515.000 544.273
542.273 544.273
569.545 544.273
596.818 544.273
624.091 544.273
651.364 544.273
678.636 544.273
705.909 544.273
733.182 544.273
760.455 544.273
787.727 544.273
815.000 544.273
842.273 544.273
869.545 544.273
896.818 544.273
133.182 571.545
160.455 571.545
187.727 571.545
215.000 571.545
242.273 571.545
269.545 571.545
296.818 571.545
324.091 571.545
351.364 571.545
378.636 571.545
405.909 571.545
433.182 571.545
460.455 571.545
487.727 571.545
515.000 571.545
542.273 571.545
569.545 571.545
596.818 571.545
624.091 571.545
651.364 571.545
678.636 571.545
705.909 571.545
733.182 571.545
760.455 571.545
787.727 571.545
815.000 571.545
842.273 571.545
869.545 571.545
896.818 571.545
160.455 598.818
187.727 598.818
215.000 598.818
242.273 598.818
269.545 598.818
296.818 598.818
324.091 598.818
351.364 598.818
378.636 598.818
405.909 598.818
433.182 598.818
460.455 598.818
487.727 598.818
515.000 598.818
542.273 598.818
569.545 598.818
596.818 598.818
624.091 598.818
651.364 598.818
678.636 598.818
705.909 598.818
733.182 598.818
760.455 598.818
787.727 598.818
815.000 598.818
842.273 598.818
869.545 598.818
160.455 626.091
187.727 626.091
215.000 626.091
242.273 626.091
269.545 626.091
296.818 626.091
324.091 626.091
351.364 626.091
378.636 626.091
405.909 626.091
433.182 626.091
460.455 626.091
487.727 626.091
515.000 626.091
542.273 626.091
569.545 626.091
596.818 626.091
624.091 626.091
651.364 626.091
678.636 626.091
705.909 626.091
733.182 626.091
760.455 626.091
787.727 626.091
815.000 626.091
842.273 626.091
869.545 626.091
160.455 653.364
187.727 653.364
215.000 653.364
242.273 653.364
269.545 653.364
296.818 653.364
324.091 653.364
351.364 653.364
378.636 653.364
405.909 653.364
433.182 653.364
460.455 653.364
487.727 653.364
515.000 653.364
542.273 653.364
569.545 653.364
596.818 653.364
624.091 653.364
651.364 653.364
678.636 653.364
705.909 653.364
733.182 653.364
760.455 653.364
787.727 653.364
815.000 653.364
842.273 653.364
869.545 653.364
187.727 680.636
215.000 680.636
242.273 680.636
269.545 680.636
296.818 680.636
324.091 680.636
351.364 680.636
378.636 680.636
405.909 680.636
433.182 680.636
460.455 680.636
487.727 680.636
515.000 680.636
542.273 680.636
569.545 680.636
596.818 680.636
624.091 680.636
651.364 680.636
678.636 680.636
705.909 680.636
733.182 680.636
760.455 680.636
787.727 680.636
815.000 680.636
842.273 680.636
187.727 707.909
215.000 707.909
242.273 707.909
269.545 707.909
296.818 707.909
324.091 707.909
351.364 707.909
378.636 707.909
405.909 707.909
433.182 707.909
460.455 707.909
487.727 707.909
515.000 707.909
542.273 707.909
569.545 707.909
596.818 707.909
624.091 707.909
651.364 707.909
678.636 707.909
705.909 707.909
733.182 707.909
760.455 707.909
787.727 707.909
815.000 707.909
842.273 707.909
215.000 735.182
242.273 735.182
269.545 735.182
296.818 735.182
324.091 735.182
351.364 735.182
378.636 735.182
405.909 735.182
433.182 735.182
460.455 735.182
487.727 735.182
515.000 735.182
542.273 735.182
569.545 735.182
596.818 735.182
624.091 735.182
651.364 735.182
678.636 735.182
705.909 735.182
733.182 735.182
760.455 735.182
787.727 735.182
815.000 735.182
215.000 762.455
242.273 762.455
269.545 762.455
296.818 762.455
324.091 762.455
351.364 762.455
378.636 762.455
405.909 762.455
433.182 762.455
460.455 762.455
487.727 762.455
515.000 762.455
542.273 762.455
569.545 762.455
596.818 762.455
624.091 762.455
651.364 762.455
678.636 762.455
705.909 762.455
733.182 762.455
760.455 762.455
787.727 762.455
815.000 762.455
242.273 789.727
269.545 789.727
296.818 789.727
324.091 789.727
351.364 789.727
378.636 789.727
405.909 789.727
433.182 789.727
460.455 789.727
487.727 789.727
515.000 789.727
542.273 789.727
569.545 789.727
596.818 789.727
624.091 789.727
651.364 789.727
678.636 789.727
705.909 789.727
733.182 789.727
760.455 789.727
787.727 789.727
269.545 817.000
296.818 817.000
324.091 817.000
351.364 817.000
378.636 817.000
405.909 817.000
433.182 817.000
460.455 817.000
487.727 817.000
515.000 817.000
542.273 817.000
569.545 817.000
596.818 817.000
624.091 817.000
651.364 817.000
678.636 817.000
705.909 817.000
733.182 817.000
760.455 817.000
324.091 844.273
351.364 844.273
378.636 844.273
405.909 844.273
433.182 844.273
460.455 844.273
487.727 844.273
515.000 844.273
542.273 844.273
569.545 844.273
596.818 844.273
624.091 844.273
651.364 844.273
678.636 844.273
705.909 844.273
378.636 871.545
405.909 871.545
433.182 871.545
460.455 871.545
487.727 871.545
515.000 871.545
542.273 871.545
569.545 871.545
596.818 871.545
624.091 871.545
651.364 871.545
460.455 898.818
487.727 898.818
515.000 898.818
542.273 898.818
569.545 898.818
